trial_1,trial_2,trial_3,trial_4,trial_5,trial_6,trial_7,trial_8,trial_9,trial_10,trial_11,trial_12,trial_13,trial_14,trial_15,trial_16,trial_17,trial_18,trial_19,trial_20,trial_21,trial_22,trial_23,trial_24,trial_25
10247397472.78593,14779791892.225998,9577353879.011223,8540383312.967123,12962699070.261168,7689008908.113669,10107683341.84463,6541535312.116371,6765222946.703354,20403898846.993824,9029121002.368004,17297498003.476116,21943049263.413483,12285417143.61563,14296178070.760857,19430420333.357784,9816868426.555557,27767366942.48017,31060170550.629025,21686461935.357304,29462290324.138927,8340098620.831706,11480124020.815474,3106864293.7152114,15231758168.594442
4945366254.804739,14779791892.225998,3768066376.5981627,3025724761.349546,6405974213.534801,1618796339.514214,8858716965.423332,3928986194.7884283,3270535090.609146,5112267873.75676,4759793973.735849,5915247012.545507,4003576934.078261,1719958403.9160533,3649939206.170743,6184502172.659856,2393254943.6205854,27767342664.498264,13126303534.069782,3858126344.6382227,8130858312.341837,3616513759.2460523,6029133858.697143,3106864293.7152114,11985522693.447756
3926163307.6887035,5551883350.215316,2976447560.6240973,1293211435.6477478,3544679598.9576774,760017433.6477021,3569789601.332051,2227021491.802575,1945670732.370667,3024464178.363364,1721046445.9614997,2864145078.7147446,1860693800.3687112,1332763954.3922114,1322543171.3469865,2935318879.991377,2169682696.251188,5652304304.0519905,8245599224.981488,3823763391.1344457,6572702278.622232,3313680835.7869787,2692096045.7806544,1229878707.1451445,7647648844.397194
1090916025.1196253,988321740.339199,1046311975.858195,1293211435.6477478,3141569392.0457797,266436711.1790521,3069004931.365943,1866087144.7209725,1066787487.5117648,656883529.5049878,679341576.2471735,2120192069.4632597,1807983984.3122277,774667844.4926162,304044222.0744966,2219658104.757916,644510400.8729541,4430225707.947619,5973187885.052847,2859375754.3429246,3430336846.221302,2905824729.0658402,1442031430.6265602,946835998.4409822,7585600647.062318
988883491.8608478,821620697.9078904,850776009.4951961,1189750623.9760306,1399909351.2607472,255303954.52905765,2515600058.688138,1742182954.9330466,1010061818.895938,378260299.80698997,529364587.80454636,1582190455.4465458,1034988799.4548836,688171228.7884082,230684538.7866749,2110994344.0619502,633860862.1682545,3746519351.706902,4277736902.086355,2331107210.265994,2847516346.5090127,2670242400.823509,1387944274.4070299,534627501.9544191,5330352059.594973
913178114.0496663,792054090.7789838,747179735.918746,1172137703.3877504,1259988204.3856425,164344247.23901245,1873730640.0086503,1596984320.6838567,956583052.248589,306785654.4551941,321988539.87460667,1497007415.8426452,252267452.31907257,591556775.361692,210555186.86542132,1526332318.5166583,278581458.157427,2555908001.0409136,2208848439.7402754,1984265601.3438673,2560124828.6155734,1673502908.0733316,1274866415.2231662,442890545.50124866,2683311685.759578
764426924.9976157,542705488.0718921,467890894.78384197,1102627636.2931192,1243918301.843418,146241239.53995565,1619610447.5435233,1090633097.8969357,874606250.8917005,165608759.13094085,321886986.8988784,842903189.9077616,192136934.77460855,240355920.7841578,188999283.83234212,1196083818.8093495,228103998.08817512,1634293652.8112433,1030029573.296266,1905202420.4976473,2320185904.8296785,1589028170.6450033,1229534653.9044828,383058897.7136637,1614230108.6796157
700154116.3537797,351899550.62222373,397521949.7552692,1069326130.3170989,1043031582.8151968,105658478.73400381,1315225549.9089048,1004334388.5524962,651492274.5227039,122069715.67002018,285397433.74777836,713597113.9426409,184198041.62483984,207041261.51134735,172345794.60150903,1161784013.320229,213005802.5001784,1229608197.3415558,878209062.8299646,1289056996.1778576,2156873177.797608,1573637138.238747,1180277311.9998057,367667996.10978764,1224134987.9720633
676922214.696013,337903571.25108737,340532693.3076041,979868392.3588609,976346069.9794487,84326719.99433903,1214837405.9319744,816332326.2317202,192205577.25775445,107167841.08447044,163320080.6049413,602541514.4086417,116756903.9741323,155557864.54261965,156490414.88484615,981510871.4581584,164944583.96801075,1163207798.907476,829102805.446225,1116490180.0138803,1820118243.038714,821986920.7924947,1149160184.3813946,226627743.2146891,1171639197.0752409
591085993.1332904,264094694.05984756,327796130.1306131,351849684.7240431,855165211.1123323,76547943.63743843,1200502700.4984906,726189271.2744303,181831494.62915778,74197247.96581288,104237281.02351479,597278845.9286245,115134884.32928795,145806516.7592229,128363519.01614301,921937181.0216278,141879736.75138694,1131340581.7081065,789631477.5023942,723056864.8327379,1675469646.296142,673541253.465862,939532067.3584563,217112136.67805293,915524569.7567809
540219380.8546065,263813742.56355476,241203467.20657888,262323734.25635806,768067122.1541342,59364118.7402987,960259646.4450858,631591456.2740629,147288635.97426388,54523889.297995724,86398414.81471778,549076168.8642992,47980175.91951384,139365665.0425092,120949757.44000192,889109995.7252954,119331385.44530271,582218712.9424976,719459425.651174,715336099.1095897,1431983498.032286,466652430.34465295,876268505.8780438,204691537.36359662,612313072.6773078
515013158.8773623,250044539.9444092,217451821.56588027,178823473.52577302,732259857.1600301,49562100.377021804,763929081.1015104,576884094.1995707,101932220.67856066,48911129.85824928,77371367.55778822,492349881.2309239,24633663.998127237,82741244.81662561,75700582.41414098,805913854.490327,72791966.92790939,543749242.2283714,525684875.31577295,609683091.4398757,416007786.7988963,292428918.0814233,755497668.2184482,66627455.109349124,545803921.366592
489926487.10549396,176989966.0870172,196090354.8499151,164789738.30849323,525901046.85640347,37101565.93681587,603019124.0650637,509018168.59733546,87419451.98884895,33238860.74903195,67224121.72058228,437734019.6848873,21673400.513406813,77387826.69313364,69193308.10375413,671586393.1348145,71795495.54800677,543737410.1026717,475964156.52339447,526950448.97330207,324405019.1883086,221797244.89222443,573342320.6245673,52048208.922564134,439630636.023782
446610251.0452118,135886117.5970668,182980998.0512818,150955423.76810804,457498063.5602904,34062661.843294434,531069594.8875429,438058967.4052312,68079025.79580154,31021536.621879414,66363656.62862414,424220252.70704144,20123182.398628682,43947241.84858221,64206024.57357446,516895072.53425556,61749773.75356449,463257286.02528274,268368213.77067932,267634102.46824366,302348805.2946023,186170307.08641458,540304045.518557,38093515.39243496,399423304.7494243
433717574.7011539,106661086.69140601,175121125.27982038,136624071.55772126,339430108.21856004,28744564.726444706,491529173.8044478,343554986.27238107,59663796.908965066,12289912.512068763,51905000.26881358,388184247.2034165,18380941.421513192,33483361.59515118,58608415.59359533,424552531.90827966,55637115.00490026,263195141.9094725,244102716.36765397,224702125.8773183,241966518.97129902,142242233.0134963,510905347.4323919,27071232.606012117,348299049.165417
402198833.3468389,65226798.72313702,167315960.652763,120139742.66537979,288542495.8989605,25234862.7683905,478878203.55467546,316073741.7351159,55987833.66319149,11703526.40552871,31393318.62058091,302487256.45485824,15464558.808714705,28911105.696030177,39626740.290566675,357398789.0622454,53222348.92228169,200355628.78181893,220258499.95406982,224148637.35816148,228306982.16677746,126363266.54939914,452503512.5297842,23771539.04133321,331704351.82115346
282489344.60946524,62898986.44149967,97909958.5426632,91591653.57227693,263081236.79427293,23706592.64594821,443720325.2203859,301098791.8522577,47466407.86840198,10814178.355453562,26684354.72472816,280621153.30407786,14699886.964419093,24165741.23031044,34905381.681501746,318944923.91602105,47993297.68090717,181381020.74755278,131520507.3866126,172124949.67569032,202587823.87452877,73075625.83900416,425509182.2266711,22109614.68386246,234458947.86741093
270924743.7563035,57886989.721679084,97904899.74174605,83897402.219344,247415797.58956632,22550627.69076615,265997863.57841057,283630439.1744063,37514678.149688296,9593860.695530431,22998957.304869033,255675332.02977946,13445481.429962823,18682240.548645556,19249204.71487187,278216250.2772667,35642033.673099734,148285738.98596197,112064151.15030971,161075138.4066989,182085018.2653833,38587735.45890815,364187378.55216575,20102505.129588325,202659732.34409118
237099623.0425393,40027411.97583276,80362150.31031029,79001523.45499046,225742914.8129429,20779840.288678903,249957502.19407725,255818394.97886378,34282542.99511179,8875088.54523757,21047670.16372734,216224014.54527417,11711935.876384547,13811922.725115057,14987030.092110688,267378841.40836316,30801151.936756246,136730095.95918867,100928964.8696533,150065690.1143909,160208130.9696169,31161633.965599317,303911836.6528623,9634053.81185864,173670284.02801734
181670664.3991879,22107001.247902054,55529347.93681331,71471539.96971874,178402835.63422805,18710139.236871526,211309756.89710787,241308612.7290295,32400330.277217295,7224652.889885814,20135816.297032315,200245961.90585625,7256285.210259949,11115701.346549233,14747754.756869702,223589125.39058557,20707614.667743042,112073594.108167,55941379.564152226,131391942.66823964,148005545.83500993,29552870.570896335,282308261.60606325,7876753.564621164,113895286.55749352
179606536.77406037,19951110.096367314,44608500.03763927,67328925.3483241,158225814.65823627,13624063.33064877,195959387.91851494,226705784.96438238,29544386.39452181,6468787.761855081,12015101.724311946,196732440.43211892,7109686.1943454575,9927498.773577053,12953678.732729994,218939491.01712215,16809076.428781066,101615426.04075886,55557607.98199079,98775121.79535754,118803914.15018845,25758565.565846946,229807133.35447335,6690965.159454537,39483415.51979485
146770214.6440966,10986803.964497745,42031288.78118618,58268438.8869596,148688489.05376592,10429953.351654472,192658739.62561864,187325779.12798855,26386889.51790771,5069606.599633493,9260186.090954678,187799827.51326168,6094176.140812771,8207463.84643011,2160370.320952676,200181068.48621032,15004349.30258682,74805364.11652918,53193526.716313176,82057786.17780992,114025041.40944704,24122177.41894331,203937295.10317978,4927012.957609484,37557821.47764084
138827643.8949823,9976143.24370214,36292100.362756066,41198293.17416804,137720498.99895728,9745101.237457763,171082012.62098885,173876514.92368552,21504831.86284458,1820664.060167539,5709312.51970117,160751173.27554286,5696211.829107434,7864947.034533099,1784906.2382266566,182517241.36133197,11154517.92391837,55618452.11319477,49712952.48798261,73679486.63845529,98254760.22244363,14732704.236649748,182208220.6931759,4053854.4610842387,36078740.74679896
128581448.41566177,9531306.224694518,27828136.321933076,32054236.32409801,109223893.42404851,8945624.624251425,157461637.09690365,161901177.32036364,19950152.434653398,1656135.7148264507,3536345.9568618448,147547002.00512832,5389152.251462492,6293696.42384392,1620225.9858944495,140975616.8531252,9010831.09084987,52579231.71166572,45453347.40098266,58256381.5331573,87150490.85638943,9968240.912233317,173807500.19994578,3569196.171007729,34014708.51399197
123712220.2527211,8495088.166184422,20475749.21137714,29362207.610721737,96858009.27024674,8204011.738079649,148323293.49834758,135519495.52588826,17107295.427219626,1602278.037901717,3373069.3554395908,134679227.264264,5217583.35723159,5241813.343916541,1567106.380681182,120613157.93858433,8891317.376076784,45169712.94526906,36288828.46114579,40010214.880517215,57355138.36604867,8869900.990654392,94173190.60849047,2091099.2971085047,27730837.747670956
120090660.2426556,7249430.6819690205,19641433.884580273,26043872.478026234,93114908.85248515,7182369.740958098,128300510.74239688,78832774.118024,14797831.134462047,1286182.9087449005,2595323.1725653857,118820506.98628938,3946792.7194040846,5001762.8300882615,1380581.2164543231,117943551.50897215,7247505.050253387,44276578.129494786,32249084.813052595,32668275.8067366,49701065.85798248,7809354.326460409,85586527.89650631,1168299.6923872926,23541500.27308287
106297751.79823384,5633858.780769157,17936778.58330899,21285492.472825453,66101040.27218298,6801806.107271535,117899758.68515526,73076709.1975864,14292206.390990116,1090983.9588935676,1690388.9896298745,110958106.46177232,3333085.6346581522,3920095.9887868646,1197384.3187223794,100728296.7512097,6408672.658207834,41105282.02007372,26846027.207137328,28180818.648825273,43887762.516866036,5269192.281176866,84091533.13734068,1046990.9573815726,21578646.59812589
98193430.68315339,4506009.1385645615,17032408.230868265,16664350.865441425,57806228.40749735,6187157.680245409,101232126.25458354,67516601.06833047,12419424.311971096,831272.6279962528,1405612.1123941627,102040367.08509119,2493698.349595769,3574559.587767957,834246.6651339616,90100194.26354954,6271962.271056927,31742902.23260287,21923414.19239971,25896067.78344513,36385452.29604527,4620132.472265406,73885677.54418258,773376.4259985054,16883017.31701903
91390253.83298549,3429511.6318807546,11903949.49372616,10675340.444819149,51056950.26153537,5622625.932813661,94204420.89479078,64743735.9078907,11309919.919049798,760602.8611459313,851286.1137929959,59102235.61577831,2394181.390500233,3009545.7295532604,820735.4608007631,42261519.35923625,4433409.316236694,30250050.89157181,20062764.40338415,17823009.237924725,33662146.56889305,4441678.515034975,65397954.64566395,724415.9977553028,14088925.984159974
85301797.55680503,3305944.660889177,11690100.5672168,6242695.069958344,49199289.86289785,5223739.279065147,70901732.00891756,57859748.91222235,10329163.0335759,704266.9958826238,722866.882358268,57479977.57987602,2102038.5066085923,2710793.816502413,773152.6952514176,39357802.25998689,1965789.2512271248,28159092.075274378,14194467.468743421,15569886.834870704,27863359.12159493,3668368.6731745913,49305634.395376235,568193.2424806779,11285965.95215358
81675146.84891376,3126248.787533247,10114135.067834796,4750473.723122055,47839008.176267885,4675597.533507925,56229627.939077176,41215734.34082346,10139849.338789599,638353.11037705,712267.8015612661,54536683.01077425,1911369.8184782856,2148303.9697454097,694443.7020405916,25422889.216671944,1295097.3128670165,24992455.190546468,10942735.592872513,11762213.497623214,21745423.2017688,3024034.144341718,48356696.2697465,507315.43896883365,10868439.742396805
51929642.690614514,3045460.7123300247,9686368.227447359,4204084.790943245,44574322.476909116,4242257.75139126,54859484.056711994,33941877.631614976,9728028.102223337,515721.14165093837,579374.9666553152,46782073.22794912,1867621.3936595046,1919887.0925244119,589839.4278402583,24214959.13238071,893015.8356938564,19245467.183472093,9806306.641182035,11181409.224825135,20407930.63670656,2738022.5716498615,32869790.519947805,428288.2316595034,9672576.784321574
43851876.83335476,2737923.5754336547,7984636.001121297,3543334.0286718872,39058950.72624273,3826792.72422986,50590315.95551419,29720802.816635665,8898646.82171372,491374.84016103117,481113.28381395846,40380374.635786764,1821793.5009883863,1695346.4120260451,519144.52755939134,22419715.51069875,685656.4023119337,17516250.664900832,7041955.761845124,5682749.179179926,13579370.519127326,2394595.519919275,28563363.96220774,391916.1494106142,4098626.703066952
37624849.35428586,2731349.572332233,7764100.256391379,3080892.8194776364,31031879.563654423,3747952.574634167,38544241.87277412,26161479.264785074,5789344.631651194,433346.55266426096,397225.48597067007,28729222.852395486,1744460.6082670703,1648351.3073356939,433487.43739289325,19747463.356910206,620070.3311615242,14174398.579462843,5942408.524105408,5346513.3805514835,10464261.395877965,2040971.1775261702,24904489.325835902,385240.8630831317,3910660.8560341047
35387985.16089279,2381258.5199787384,4593991.747464604,2564527.9796487903,22452349.1550823,3590478.206245451,28637131.008229017,23804754.629109953,5636689.708285814,418870.1006585977,312675.076276571,22957628.037360962,1666720.1472444343,1139489.733855738,425517.6444981998,15358881.191779427,514358.4485448614,12664718.55392919,5942408.524105408,4541203.090775184,9199519.306602614,1915013.7259100964,22182365.136868987,359167.9531710499,3494407.4207992647
30457206.930004295,2257013.43175673,3509502.774072936,1500669.0753673872,19308065.785763957,3390229.8875935585,27502972.84498893,17936894.64587696,5373507.509429544,379346.0319302486,271843.162465322,20587548.117518377,1610930.9479976618,1028849.3927525063,404318.8163516225,13355062.02656625,371630.3047270372,11332120.819330795,4737935.899588461,4099015.848435596,6995438.2582617495,1634550.1942645165,21503654.7096413,283538.2313870783,3494407.4207992647
20272407.823348902,2201710.2903306843,2999510.646743061,1315210.733114947,12385291.222249394,3327081.9966441677,23544324.93802477,14769309.681928547,5056175.616005825,371948.4664208253,250324.36211402144,19419907.24954822,1536074.853083455,975618.1792928851,389394.59563755384,12520829.15828649,308665.01281422767,8125783.490300578,4273294.393888007,3794433.643486791,5949029.556454129,1409133.2228175844,21028277.40204557,231720.82458030962,3042993.7263201713
18564844.603042178,2024256.9603901547,2835847.32604347,1107699.974768276,12021452.104767548,3189117.827802995,19830943.00375628,12994798.904026106,4460922.723310653,343649.34873079514,222514.04214735897,17866076.02956268,1494585.881859872,909733.2004310128,358616.7450376452,11143083.483361073,240991.98696789687,7804584.92228364,3688143.619007275,3338136.7471091445,5163374.595973143,1381597.206588733,14136257.575885274,212640.27188164668,2634196.3176089185
7191570.9234155845,1978907.6008258031,2676331.383227096,988996.6054177239,11485675.280219179,2455984.1685858024,18461093.704873487,10681442.40260408,4176572.473584395,328794.23198338225,205441.91491053757,16425658.048732622,1361177.9574855035,667241.8363838422,320623.8387237202,10651864.341424199,233103.85704357948,6347962.340613187,3123366.7227414115,2546639.4038006742,3956935.457635339,1170340.5938124233,13605910.473085342,208091.34221429747,2447435.401611494
6358822.511496376,1959405.364221738,2460643.5013104347,890687.6344460575,6167981.348141355,2385067.827122034,14939497.335720373,9625568.118140182,3702117.2262435844,328525.9883281333,186338.8188517365,15529636.601206573,1359441.8693260062,588987.2186471771,306755.8477630886,7855215.964252638,217971.57486023178,4579964.238648588,2768364.920304976,2157985.7915286813,3546622.029959852,997480.1612930278,11928772.96314969,188971.49828459715,2061350.47745683
5360995.069879109,1906762.0697840562,2263417.3178198235,296045.65111210383,5443607.854374147,2383126.2281651427,14910523.789726289,5421884.350702489,2950268.7849171497,317806.4944877027,169041.05872703998,15303178.245486751,1142049.2186315397,572110.5695305101,302988.6460487937,7539307.39807379,156198.90079011387,4171315.9851352265,2320237.1386533133,1702580.4784731716,2988047.905452716,932942.6640115306,11351336.068179792,173654.76324769578,1901736.9411889086
4320514.894819007,1846145.7421552422,2116399.8958727033,252320.48082731757,4982837.392654397,2329156.693325853,10418197.591715239,4287060.886874144,2746236.677808261,309391.0939214224,169041.05872703998,13897129.13912896,1105167.8989530455,425961.18439277593,288985.63033699803,3906045.3093875204,143629.3441967686,3375207.0501192883,2159162.90608582,1479986.839111193,2789413.9542910066,873292.6259026448,10045194.084423909,164926.46254688516,1351577.4941794346
3499167.504586259,1826295.9443969424,2044934.6501789922,209781.77202814142,4651708.3513410725,2299099.5583100435,9561680.35168755,3624577.479460363,2058634.8349822871,300732.4950702693,168017.86531501525,13314818.537793517,1067022.782289498,397578.53662079404,286444.7023294926,3732144.6404325436,135089.2038899479,2725260.5912339985,1767547.402927759,1332418.0790545875,2492447.9961923715,822742.0731693173,9547514.123692432,146559.96676105462,1256551.0252112013
3001776.4323730897,1809841.2158863468,1951149.3588560596,204767.25102454805,3568093.471881744,2220162.3233858147,7368572.506456714,2541852.089963478,1737768.3729094549,295487.8992292155,160558.85606540166,12641138.20293615,1049105.8088293364,320178.3841311562,274482.9118619643,3405315.508720911,121861.11156074729,2551143.142939645,1582378.2821942675,1291099.4995662575,2329878.30177466,746336.3250092291,8665726.165817026,144435.92024158055,1074098.1677497933
2797720.2259927737,1730262.8613890596,1802668.3551623437,163841.82206963896,3277374.2119277315,2192915.2596677784,6679480.959504236,1821473.7206781127,1627371.0326737135,285417.23029346997,155735.35751931876,8286566.948640602,1018688.8642952963,239354.2572900372,252264.20859823958,3113549.2968850415,118406.84113811358,2183621.45397332,1459421.5964518432,1230065.8740851425,2230024.2921569017,642833.3805382526,5672522.122176177,142876.63998676438,1009369.9195310806
2685903.5532755763,1715367.9860675752,1743992.2797795793,156555.86705195587,3156613.0794943552,2112220.7512298957,5879463.167057795,1457239.7675536086,1439851.216088924,285078.7666970666,149357.80358827487,7641341.28865042,1014883.5597019842,233412.29805462246,245191.05682614818,2962693.773193538,109958.25085260152,1951483.407803744,1397356.4760200984,1135417.6595984339,2133688.254433415,550778.0935292551,5412137.998576976,138388.2006448994,908959.2409645576
2651696.620262404,1684668.5181831794,1658111.8849029483,135899.72421403718,2955550.2308401368,2077294.185804408,4966734.894774202,1305315.0798327103,1374364.7269829812,279602.1723510156,139164.09172620368,7090156.288699071,979561.1732317405,220954.78017066396,240061.23564689106,2861376.437777263,109164.59625527247,1806477.3257620449,1365124.658873342,937307.4710139243,2071976.912744964,407509.99188402825,5372980.521125629,135659.18182198875,758860.4908965097
2239190.254627097,1604059.7617033909,1460202.475776809,130183.00875534325,2729618.684874985,2065878.2304354196,4528047.032054763,1067719.1863186215,1298072.9589842162,279339.5685799929,128593.30495268431,7061555.952659859,962174.5774591205,220954.78017066396,237861.31935282456,2821702.851953993,98963.51844737626,1570285.5401257894,1319252.588584385,937138.3087813436,1895601.9095300678,366208.31035729207,4504305.280889722,119151.0435587967,558218.380493472
1922738.4839794917,1563674.8918115254,1456951.611722181,113746.96619589394,2328310.762042438,2059170.732479569,4228186.3839359805,1030548.9436119981,1260963.9956518742,275582.5762714581,121888.8218332036,6412823.82255896,938008.9313259479,197380.52975241802,222502.00292845894,2747732.011179263,93152.97614501466,1043694.4709239515,1277015.3253291927,904053.0341288928,1851066.9034930253,328049.2567682353,4272465.142104203,117095.97339263612,546220.3027802623
1743465.4392457174,1543519.0935374051,1357741.9374661332,78282.80649626018,2277582.271427922,2048797.2751255466,2747977.7500856104,832112.1241089284,1135767.151582657,271090.7066740285,119333.87297007993,5745268.395644954,937936.5943826108,189730.8749375119,216453.6677170796,2661918.0997604076,91710.76483080251,875626.7906504237,1226649.5877244463,870641.9022090865,1805534.309470299,328049.2567682353,3829071.730424703,116796.59647873658,478776.92056255497
1704599.3863262061,1536352.4309470605,1342956.8691160986,70425.4889326688,1804886.2443139567,2034423.7909644335,2439535.5071815266,761279.2868855284,1106250.9347194054,268605.9991179743,119263.02562953853,5587779.987859332,920041.6476579051,186481.55354656745,214154.39555823532,2533421.25218314,90650.89353159152,799132.9841671761,1169774.2609431373,845484.197401125,1495823.4273649473,306671.3507877656,3467540.078848768,105044.82862436655,478776.92056255497
1643666.0612276678,1529662.558521966,1231918.4340460412,65580.59811718031,1802609.4360603197,2003268.048797062,2299036.447556535,716411.7030337556,1089559.7278221974,267131.61935670144,117588.81717224703,5231695.635649091,888740.753212592,185481.6242600388,213239.5538441469,2454313.3565800707,90425.58700280817,626046.8030277712,1145355.9694876466,839254.88162831,1437983.7922130174,299706.014565387,2903572.025290594,103581.56565417125,448433.7459174824
1482231.4730509552,1476009.032054529,1194425.1735892252,64684.34930580898,1579642.9275990108,1968828.5613918374,2162881.5127651105,588930.992585356,1063267.1187496188,234267.4320089683,116468.57851797777,4864812.299719178,882434.6998684491,180036.633380396,206888.36610797574,2370094.2750480147,79034.70274755696,576100.119358343,1129591.6159281228,824601.8144175296,1418738.9579898082,291538.8399324548,1200226.3125574924,103088.45139938647,436812.0446511601
1413836.289955883,1468082.127659391,1174540.6896885408,62678.40505255602,1490393.3605612835,1962181.4970683514,2114976.341239292,541538.7898243752,1037947.7728872446,230138.14306343198,62604.53952582586,4275034.927814143,870853.656905036,179593.67055002175,205452.54614633587,2333126.962130859,77677.17891287021,526654.064876732,1115928.8251858116,765076.0794568214,1401391.8404102384,280511.29180152045,1106403.8868738217,99984.54176472433,416878.28553682344
1177518.3622121285,1428585.168456982,1160535.6175359094,61929.927676614,1467590.6807051327,1923579.2794849456,1967379.2931041713,453382.5565349195,1010685.7291354957,226879.27906546582,60936.23207929223,3877981.255534179,868002.9258913996,176104.81287263415,191107.52988311474,2300971.4267656044,76936.62762154486,425368.87422621035,1096168.6784505297,757631.3682888479,1394080.2917184168,278001.460917307,826641.4094996222,95531.3564694671,400740.2257661118
1158537.9750022937,1417626.126768081,1148382.8693279715,61812.22158066908,1362076.9836899166,1903319.5436266724,1578226.3327554502,440089.12636600115,990744.5567630219,224236.88429783648,58811.54447490271,3877981.255534179,850516.98561765,173123.89501882403,190592.86654752024,2217669.0698934584,76412.45387767444,411818.2004814582,1055874.6237185386,747211.9457872127,1365739.7441513552,275875.42855698965,788762.708133612,94041.26127916716,392541.7078408521
1045110.3023215234,1401886.5322550184,1140160.1483433982,59437.136212704594,1269320.868354829,1896319.711309,1550965.0960072547,354774.22650905733,934324.9723868313,206810.98298177362,56598.016973922735,3767739.5429917597,842570.3458943162,166313.47500040862,179056.53456744237,2100524.155016994,76412.45387767444,368810.46319456026,1045322.3406721865,722815.8056057289,1325328.7665064032,273545.43142186844,775597.7600632488,89885.24721500317,388210.6875488824
1033457.0801952365,1400643.082089329,1042800.212849796,58774.52701532566,1137093.007530718,1873636.906498377,1370937.8793606586,333700.97212935024,921128.6451684098,205301.69091675375,55603.476038702414,3758798.880976646,807684.2542472994,163116.93979405996,175101.25747601033,2091575.7105670404,74502.09690648783,254282.11406558013,1023255.8878652878,717593.6736228081,1277565.566668209,251634.5026958288,704794.9025363388,86208.27571119159,368907.103993762
973689.6183076393,1346234.9610092752,1005747.3625963754,58774.52701532566,1117355.1421280492,1753970.507623661,1275444.4766190653,320859.50239752006,912700.3876555498,204688.20033778038,54992.874819939345,3744550.5670829983,770807.8189764889,163017.3528845206,172428.44721256293,2069990.5766042976,73918.13044436654,211993.84047869005,1014906.2659210977,688204.2439572847,1226309.2801344176,249524.32080584936,690274.2332198832,84449.18902380398,358207.1490908648
910019.4707139559,1335827.3570858573,992055.9597906999,57444.26617788817,1079878.6288310764,1418384.6258067728,1248837.1738353856,309038.8120109333,902324.6870355819,189847.87899850338,53461.75369482263,3697809.3432561057,734045.4804938417,149858.65410416087,161425.85853597318,2023451.2565408798,73625.64602040192,198848.50804082557,1004199.3818825757,620577.5744395242,1178927.7789245588,246860.21672386912,690004.0377284957,82536.80685856499,347548.5629221705
881159.7880947614,1329229.5445322422,937842.4231576303,56668.77367222742,1047997.7179468066,1350725.410633899,1224242.5305477977,292813.191990245,862494.0375513157,145574.221668484,53158.843398783465,3576751.7302195644,692646.3228324583,149498.5017254242,157269.2753827078,1947090.215059501,73302.32545933622,156721.7844531012,994250.5641745562,606771.6066356994,1159475.0968304037,241933.58769387545,663631.7407557338,78120.07181924155,339670.6237622575
854617.561809387,1293387.5026663125,883611.7412457189,53592.944207447414,992237.8353519406,1147492.8062193834,1031773.8746999013,285179.8599776592,846273.8398611653,144368.9479556028,52037.98953342506,3537896.7942684484,684386.3163194389,149081.9380396045,156942.59808836682,1919365.6698924939,73123.92266796564,141987.90794599467,989557.8313547482,600633.3426097445,1131712.9828712859,226811.5405476215,611286.3589353544,77224.38826855322,339559.75682415767
836024.5889349519,1264783.5696962248,609042.5911622358,52926.373876938545,960148.3749069907,1035641.0933731535,884892.8982226182,284865.92117031285,832970.8173063289,140298.08276941392,51491.490933022345,3495562.1387450653,681576.896238793,145684.21156986465,153416.1463103661,1893170.7789956143,70862.84516629233,135451.01449746694,984800.2889235032,578974.9159773221,1129228.8132444965,220431.8720253202,608424.2736957893,75332.01315480912,326751.5717974097
820651.4681821687,1262306.1838022913,540847.5972059618,52316.87179092653,959299.5637047146,1031797.9754894606,838053.4892034545,278755.38910817023,816887.9382264559,134264.29806685366,50368.98465849868,3477679.1752623376,657104.1863854537,143980.44304230646,152079.51690536013,1860125.0737741205,70652.6985731633,132156.50218352053,975287.5776272201,557128.5169071128,1120317.5619943696,212565.43839891403,605860.4934419572,74926.66979804901,318857.8249481833
782947.3046338634,1255097.5978930758,525892.7077126987,52011.41099479302,929033.3161000278,980692.9060610342,788950.2898528285,257940.78682382213,789759.6438419876,133654.85513270393,49933.86944228606,3428996.0259937807,649589.0268366094,143977.55857354874,149921.64990430052,1856949.2940818728,70272.40517768534,120038.47412087799,967139.3039344619,555002.3748265888,1116094.2646504168,209807.22323520435,578980.248992761,74234.78795954616,307758.3574803443
778349.3777401407,1252802.1826319832,504938.2839452927,51399.288202032454,921361.3041068462,933224.2366375206,485983.3725455952,250939.58959848105,607142.8328246003,127791.51622141781,49924.09305005748,3383956.097803508,638693.9754480075,142557.99293636443,148468.27034308476,1787007.0565330368,70074.07678795997,112878.78712391973,954318.0796359989,545982.5489904085,1106817.3409343217,207499.9358378721,563208.3343431037,73780.90108578885,293046.3658448506
769453.587798014,1232438.8891860743,501524.55436033435,50306.45124982614,912845.7671582515,918780.4466541801,441945.79594875977,244587.3843030128,577961.9780355797,107973.16274510315,49547.51460591703,3342614.7780657,618476.0772481186,140799.67526183973,145581.88959036474,1696887.0294626637,69988.72851820392,108780.76607535778,937655.8952602138,537653.0815244948,1060498.5681532037,184385.0158169654,539145.7757551414,72495.42658074395,269142.95107424475
689892.113573503,1214083.533289615,496433.7625093752,50016.21439728658,892980.4138685792,890379.619714693,408808.61024962424,239337.2576802582,574676.1731521002,106248.66692985757,49451.949553568134,3163148.7724762424,604742.7477630869,139843.2715128671,145114.86374815868,1685209.658461281,69921.52210767094,107056.64972357974,929810.6700438964,522272.9519981923,1052268.604017063,183140.93796759023,538693.4871940358,69721.42172560951,265140.0688280507
671808.5356765549,1184312.469236812,489931.46082521137,48045.28245847463,885794.4251638587,869889.8621266217,340049.1787748846,234649.21194520887,524412.8787365431,105691.52949372458,49314.04033282793,3023271.9777464746,604485.265168282,139528.05532953306,139956.46033854623,1592515.4394576903,69333.69825171115,101796.37049701666,862738.1795680113,503452.76193235413,1003868.7098382984,173109.93686690653,527201.2860791817,69233.23272438167,248315.32534119347
659017.3405786448,1175372.0194402363,483246.5551179786,47669.10468864341,871449.9914625005,860947.4925451496,324950.559058513,181877.88077000633,522077.0180244253,105612.93625879296,49146.151408764155,3015361.2646000944,539720.372407446,138879.6933251228,139906.29421646727,1533475.823909222,68606.8835902713,100571.1511895851,841896.9694467706,498988.6091783593,998106.576636331,170421.06908762536,519284.9018994508,69062.30097296572,239246.36387190354
593887.6191281611,1163412.8193342132,474656.4521024897,47609.06709520427,855200.1825647207,853509.0156915094,303408.06806881406,180771.18530787932,506105.60873840656,104140.21931208858,48849.80410755426,2993449.4448708952,524006.5001232038,138838.28215832586,138183.07323568722,1518311.241619994,67155.9942321796,94807.5985620781,641685.0305627533,496378.69737874356,977339.8092009809,169345.45039736823,509956.6769995761,68740.67174966789,202654.16878089347
582920.0835999722,1153362.5262540956,471194.4709180734,47559.7391587746,785185.4026203452,827983.7839676761,291399.3862869954,180349.21411901203,489256.3417685549,103699.45259938268,47715.30965801372,2951417.65786736,513416.85596341453,132263.2197629711,136467.2542097604,1383321.0786775206,64796.42826080673,89992.9486228784,609072.0014340362,492400.3034949371,977338.3835608222,167270.7278466574,500962.53634826234,68348.4046592803,200755.3507194995
570629.8249798401,1117588.6091827236,460154.69449176174,47523.77621981461,772529.4165521372,785011.5501486292,274793.15328041295,162709.17889105997,470526.5081191886,92934.77509737352,47518.082945394744,2252903.8250830155,506646.8099287841,131635.39571723284,134421.58074940418,1371662.3630662314,63832.82134776571,88976.1560344302,602924.5618771727,491356.97492026875,901991.7313056997,148209.85856008978,481829.42310535186,62311.42615803893,192562.2814422903
565105.7636928025,1113938.8874582816,458658.14724089793,47257.97419681316,770732.8496732302,772073.1791704609,265829.09911756223,159361.81188597498,468888.72425691097,92679.96583240153,46578.305738895004,2236917.0342995916,453808.1836780188,114327.56060344806,131033.90927482415,1339749.6009108955,63728.97620396177,87090.36002836694,598981.5634559571,486736.5746574402,887091.8789606394,143691.93341753428,435675.4406499394,62012.26860743804,191106.7818462946
562334.3930742695,1110505.070203075,430638.6757282923,47167.949675021344,750062.8710978045,767165.3612639961,257892.40930979923,154134.99487972652,465441.61055149225,90590.98994541065,46577.07494441908,2214829.8342227316,446948.0504650281,113469.86478991792,130124.82300155188,1314826.9016079248,63052.49162153816,84463.9210706443,592126.3291997359,478017.32773367636,851640.985852913,138870.13783781588,420852.99051504483,61533.29266629915,180479.78676818
553192.4104609027,1038316.2587222767,428977.5465099059,47092.00242731535,743397.4876018646,744076.3068084184,250011.82586706555,153296.8339988777,457213.5149633544,88055.60487328454,46351.3895775197,2207297.7177390284,445797.157701269,111939.6374150448,126641.23888502218,1274260.3626881896,61149.255605836486,83921.58189433222,587074.7211168746,465047.65731991845,850068.6528263523,136010.87775446547,415317.18565354316,60861.58104230321,176061.4959255606
539940.161374529,1025235.6369858632,419797.63111057493,46870.002524353185,730587.41866377,727811.012008248,248742.7326833159,145923.50566378247,450872.98976929864,87728.10439172704,37889.39451188331,2190123.0339757847,436500.3973927508,110861.35981620692,116810.33167891255,1263731.9137261873,60793.9828959932,82807.17157543128,581842.0953667641,464276.15712304966,845411.689150684,130896.22309115238,411916.6268247402,56145.15048166321,173267.97815083797
353842.6294640565,1000024.2179455835,418372.1411217306,46866.55981684149,701398.2737342071,725472.8577126327,211012.6936032822,145023.76722051902,448339.53295517777,87111.68411850737,36778.3132870197,2166571.551576621,431678.98130509455,108580.83343148351,112889.07648045466,1251636.1491160365,60500.0773015916,82310.12606856092,576717.1194209419,428315.34168826696,842572.5544611658,127537.78898601144,390116.94612884306,55436.45988714455,161142.80763047255
331142.3767932455,972000.8550648555,401255.0181813131,46640.839534117404,694958.7156403626,707837.9754847005,210564.43146050753,142524.7880871655,441635.02436665643,86373.09468711492,33330.60726910163,2154968.4661732814,430074.68139178964,108580.83343148351,111411.19339864702,1230138.2387487201,59597.19385629512,80372.89333230825,565778.4258583698,421027.515745059,831998.795722442,125063.15549782457,363178.3450174352,55275.78371515544,155838.47436301043
326602.9913968381,951687.5202690377,383881.86576643307,45585.62352616775,690726.3719800429,702508.3361145558,197777.9842317323,137160.915983008,437513.93611930043,83133.89780801712,33259.78888564058,2139048.340754437,420961.3191823965,105404.96069349966,109314.41462655432,1227272.6132561404,58353.52046119347,77972.58180266508,559898.9004637846,414474.18703480484,818362.1181869163,118270.65196125291,356886.10687029996,53515.16722217355,154835.79145044327
315066.603403586,938536.6776398256,382183.0901312878,45292.52671659298,671671.1708385051,698976.9343049586,197770.84253267443,137060.5148246407,430540.91436103964,64522.55900489842,33257.777061638946,2123952.278501443,405025.80497461447,104590.896164665,105573.15318747061,1211400.6732812857,54105.419779295866,77005.5051506606,551817.0539310677,398000.313232763,808424.6420572854,113340.60277774496,312386.1448034962,53515.03324542808,149208.89079501876
314315.65161976445,890471.1030608511,373187.3424071441,45080.62858047593,642536.1330490455,697456.7528624143,193770.84846682718,134357.58606460225,425307.4319025191,64001.06586463738,32978.52980047762,2075307.503727107,404157.831313724,104457.86278377965,103468.30367432877,1190929.134346414,53905.59676914918,75371.44519202418,539631.2963818181,379206.7945881738,804804.8229584389,112221.91787858453,297165.55108627985,52690.29687580688,145802.55975268903
310418.35162904393,768223.0179154046,363938.9602294471,44301.06520283258,639945.5345390618,675932.0348928453,189753.63559052753,132249.04391487682,416755.9046509298,63951.1203498909,30282.779553425342,2064686.1683870368,403787.4186108379,104334.46107863875,101121.39070084959,1097240.6428395107,52995.82600977257,74733.50367310383,534522.6434065518,376425.66577255225,786674.6606925725,109528.50216615418,275206.5831028839,52658.04483062908,139071.22510874935
302433.67856562964,741743.0308631475,361982.0741904008,44045.91305213126,638358.8092112669,672236.0033870991,185464.88694668195,132249.04391487682,402791.9751551253,63381.666119562076,30261.127390035675,2035735.0089918764,401457.9788218403,103579.0988802868,100120.13404154283,1092661.2267393998,50262.086785177045,74561.61494705504,525103.6645038952,317256.6831962253,764697.1179326796,106264.41159478824,265566.9935700064,52426.355199613914,136240.46075161966
300414.67472882103,730397.0484966927,358954.31417817215,43951.24404984765,636160.8633175988,655178.9339654758,180898.1151887912,124841.74762868651,400750.10688515566,63072.4753114348,29536.66897023692,1968172.7391516855,386038.9102338482,103416.70388641267,99043.60603059862,1062564.7301623102,50170.37383451363,73792.36511464878,523219.8137466982,312550.80628306285,748848.2768023663,98982.42505478383,259883.79601293473,51626.83903475941,126363.1746383749
296715.2896340069,715648.702394135,329602.29549155524,43839.81437481366,630021.7659265789,653196.75167391,180147.4050105126,120980.87181810194,388095.24704196176,62862.018431015946,29105.956745961674,1942935.4038774995,379113.51749315416,103193.8794260744,97444.36552149236,1050943.447587295,50079.79482321765,72691.00240727807,511449.68789572525,310917.145465895,737074.1817646642,92949.16182748177,258878.89794193453,51187.34700200986,122914.61453871075
288596.99841134675,710456.1748284545,325159.6151142013,43771.17026060479,582682.5291884486,639313.0579718362,177379.93153285532,114563.82206064925,386394.31641377753,60620.43532333456,26854.580399203445,1870132.4045866358,357374.83946464263,95985.99795010524,92242.80609974546,1040505.7549902272,49481.42940749389,70562.71847688375,498613.4269820877,305961.57888344437,723814.0108641977,92727.94824998669,255357.4838334951,49989.948816746735,119074.2793472865
284644.1987251985,701567.035314352,322419.9537851346,43446.30120522463,571583.0851526621,632752.2551567983,177196.06129605262,113100.68862701715,377272.85916254815,58076.422135884706,26812.38962682804,1850727.2125729416,355445.1579960649,92708.58588262211,91811.68598912141,981661.299717573,49285.73194128303,70333.01997750504,493073.2462950125,303360.77317307395,691027.960928923,91738.01762730692,242242.5647138753,49348.773313319056,115861.8832812761
279390.7989876603,527828.7504892295,319981.8516366127,43252.78288323419,524578.7611902576,631011.0189053687,155123.26162594694,110718.96023732347,365335.8362798811,57506.9250364732,26265.609702868987,1849961.336384615,341970.3290542724,92444.88430436888,88779.32922960405,975631.9467029736,48817.532780112924,69094.57234822719,476599.39050960826,296737.43394693994,682624.627774923,86978.11243354839,241821.9092724511,47900.23194117811,114328.88220945503
274993.4066325662,435969.08880046336,317525.1900271766,42555.81205816655,501820.8365005389,628646.7529973,152224.64032056293,105222.4135199497,357162.66941412515,57348.36996487451,25878.652689273564,1835330.2245883432,330482.73225925217,90752.18880488844,87677.692688828,929251.8046410147,48136.41895426484,67539.1823998249,468833.3483384715,279827.2255099393,671190.2925235118,84947.03021338407,241613.12848963318,47185.41306349958,111882.37115351505
200262.00003411598,408235.2067171035,303210.1240084402,42367.03378829321,498903.28756879456,606654.1998311991,148704.98406204948,102757.41358549151,348512.20690577687,57014.006072520744,25814.517162073214,1813391.5107945348,329857.72828935145,85254.75387797019,86521.4955423893,924876.9821631917,47085.48573532578,66297.14533251649,466642.78589810914,274094.8197454592,655923.5957849085,82840.81898047202,238532.79870094673,47039.4227560756,110295.51814021729
198091.282130317,365509.21327361057,299254.3307723698,42263.010478276236,494930.2672975429,604997.6538766995,146283.01483365562,95559.5638316974,334185.12384306104,56979.54799815029,25300.10912820223,1804646.73290595,326829.4156427181,85254.75387797019,86481.91784305556,914498.6999202648,47018.240350629036,62135.020836134194,453943.7092347479,271247.4316268368,634265.8507385982,79669.6904406432,234564.8492441228,46358.81239182333,108204.44154672114
192606.9290028257,362727.53691843344,293314.7993029464,42180.09174093049,471389.0412339115,596846.4050749028,146084.60990735336,87608.95224185468,331434.09733389394,56594.993914539424,25299.13874299163,1787491.8481407722,317335.58671316033,78993.50047090757,85570.00448478016,914207.9266178845,46817.59609601207,62065.53578692432,437304.4994412315,251679.8777819143,617716.7414086218,79486.36542693594,218879.7073677374,45012.26165408393,101061.33348963843
171286.49245404825,354607.27483347023,292892.1290313301,42035.21291688545,427044.2913216584,591268.8190087702,141551.7296616629,66929.33149844455,330841.6577447905,56352.78871818289,25067.934965401833,1695735.145182875,315300.46371805796,78608.36133137629,83029.12148945984,859550.1018830965,46295.69440736379,61877.758759161356,424327.973382461,229035.1668123811,482637.13251401903,76891.86649204,216828.59915588962,44851.452097029345,98083.86263642242
168620.03692060307,319306.42772185366,290726.5258309305,41924.54259805056,404996.1163005168,591023.1852994899,140869.3570821,65766.75863146427,324025.45645754656,56224.85678490897,25012.273834307773,1691722.04942035,310779.90799450845,78606.64292784869,80553.02039054429,825286.6320112732,46199.592379301626,61288.21423298588,417548.8847420851,226871.79502495693,481578.63867265615,75174.46151252447,207692.1972223532,44075.387470600195,95364.67638180812
164677.68782600772,296426.5330023634,287446.15333807457,40658.9942861249,400224.2799356675,580976.7250779168,137579.4686636703,64980.627404305626,322535.65623065335,56158.015751545936,24903.688275053144,1633628.0890044805,301371.55973624956,75844.11521908552,75323.60039119632,818486.9604758851,45929.329615579554,61239.79909805957,415503.71993808437,219308.20312431536,469491.8710840019,74468.47299155139,204166.83026296948,44062.62451926854,77900.75927315795
145064.6366035448,286009.999871951,284660.8759668369,40502.82108531482,394942.5744602343,573991.3071597127,136738.74315487413,64696.13374805974,321079.65510358487,54513.609518337864,24818.59347300587,1630633.3983787433,298095.5998452244,75619.27703344748,73738.29572856358,801797.4870218857,45767.61173431386,61143.872633134815,401031.3314045507,212536.8339557982,464571.5227436893,74193.59239478646,196041.2730593674,43914.351895077896,61588.10342302315
139077.92509573913,284481.99197912205,242533.34291527758,40297.024802581785,388806.71084130555,571420.1550349579,135121.64980806454,60898.811545868026,318233.89514198416,53318.071751954805,22644.393004812162,1600598.6063245374,285862.7425890081,75556.42444968419,72949.91725954537,783316.1199886643,45424.683597072115,60857.557183209494,376424.6690653508,209794.29616621477,427234.5203530723,73363.54480116435,194950.65897121854,43711.86380233513,57332.86886251032
136005.00680280314,280891.9002094678,238688.62657631218,39887.63353228818,375680.51157780923,564685.0126131737,133671.59257657974,52963.94197727073,314204.1585742357,53191.39203378742,22461.5031560851,1570266.5241546084,281847.245321314,74591.34318036943,72898.2360778364,732710.645829547,44748.49144533999,60578.24342386547,358689.03704499657,207380.67651573944,413224.0650736453,72432.65026699807,194537.83783040493,41561.66245677545,55797.972518705414
132547.0136424521,270287.88666709897,236765.76727593443,39887.63353228818,373167.62878030585,562337.4323318948,130355.90097478854,52094.28322264498,301884.85507310246,52613.233873516176,22236.678005307607,1554098.9402671799,274904.28865346767,72826.4028987367,70440.99865682748,699903.7057283792,42823.13454598098,60524.58266032628,352267.46864114015,196823.29698167997,410032.9180616495,61283.24136291984,193661.608321995,41337.53324248406,49823.40788695357
129803.5061906118,270287.88666709897,236414.90258453644,39007.628072760424,361071.9047882308,515533.89810250385,125941.34236499511,51438.760480266465,300756.9412933922,52429.81125791919,22032.873628792197,1520413.6911890341,274483.2570741249,72587.41161054382,62743.787979785906,697537.489642445,40933.51487625159,60124.24041986068,332377.32424968755,192067.3631361797,404551.5124950963,58947.50763909203,192134.75550832963,41172.034813127415,36047.21998711416
127710.3335595394,267584.032697129,235865.42678097927,38676.66821238417,356574.95920804923,499581.14117443387,125541.67161889072,50531.681623997,292332.9651432005,52056.70952864678,19373.50159367044,1380232.9681492583,269561.763734303,72452.55242107128,62743.787979785906,688776.6841648542,39433.783746589936,60123.44935428574,329284.91279561043,187757.50849050793,391797.8644542531,58394.148105395405,191450.43421230957,40941.8864851241,33593.52299439962
126402.05428382849,262224.29490014305,233956.51406610728,38394.83602100543,355083.49631359434,496953.06434019614,119752.02715925068,50531.681623997,286356.9074783671,51998.97576054929,19372.489362760905,1365456.1937509626,266185.03701874375,71855.47641892136,62569.63810462034,677637.9152688204,39361.13534769206,60102.325264074956,311665.5176800933,179539.59290533804,390301.0007154805,57948.49023144673,184783.66484484624,40324.04288155296,33141.7252883639
122661.029707896,258716.51084296903,227333.89921853066,38351.90744200254,352551.58015386574,495718.5822221913,110032.3858784136,48951.610053234675,283866.9593371865,51221.33352717117,19236.059597107695,1359580.6035900905,254737.79656048908,69396.52674222621,62325.80396181,661286.7085432244,38274.21679525031,59854.7514945288,309626.96682944434,79549.05335559111,373015.0785022205,57840.381650768344,177829.84244204985,40244.05471942697,32814.755256999124
121663.72511123588,250428.56567545948,222244.1488891815,38256.31229093861,347357.4229919329,489382.9548800764,109803.35157070166,48222.058552455026,281913.9958670491,50981.2102350408,19089.140825793642,1338092.0171621887,240341.98821434434,68981.4763613741,61935.969276636766,641113.4994504014,38062.5167736347,57977.90099294621,299894.7679752988,75587.88735835074,369719.3319322007,55520.54790903406,164593.41525940204,39481.196213833195,32495.14728174779
117969.040781848,230360.6688621876,215611.84768468837,38084.714586073926,338197.7181027425,485736.6479909277,108217.07153844595,47798.06872577172,270545.820253645,50952.77726515771,18990.1028305145,1321012.6804677285,223719.92244849264,67254.31681550454,61764.181440577115,625793.620627838,37951.67857309032,57624.406699195955,298087.7853517405,68142.92359203963,369000.7984206136,55042.38334984609,160069.5275222488,38942.55063139133,22909.603974921793
114414.4407493766,218710.53586789884,215468.14586207725,37660.35590094085,325795.3744176364,484998.20338113664,107538.35614710084,46667.640984035046,267644.48653537245,50495.17638474396,18551.18320339544,1308264.512331199,219872.71050095727,66927.46464835684,59116.378278639946,614003.2048332607,37717.92620640038,57050.895287009786,288580.92253131873,67418.89448606945,359058.4198202409,52061.125646479515,158068.97719152062,37288.58612108512,22702.897355944577
101453.55910186401,217456.5873743461,209315.20567694874,36177.42947493016,323772.94160356245,476440.654415525,106389.32317026003,45529.36577484416,266187.15510935296,49839.60248599334,17407.54801055811,1303802.7489366697,217047.12435114745,66072.56264201464,58647.91058968443,581891.9372999262,37647.62020916082,56956.56473667054,281304.0375417336,61146.683473968376,323704.6830490082,51346.67175405606,149897.65741587884,36486.84698357969,22292.311293751158
100609.62727572439,215438.4041837476,207132.6722679035,35873.769550903045,323294.269926882,467735.769523554,99908.05630910877,40626.6643137388,262587.0316101391,49777.43639171918,15000.327749266242,1282099.4295254261,214472.57759346525,65839.16598491649,56173.03514594201,577006.4030241388,37557.94973554557,56403.47510879196,272579.72000805085,53606.96015252267,311918.534563914,43872.21596804464,132366.67320588802,36264.05083101618,22238.5446381109
95449.6684429207,213471.9798322454,204071.62445217278,35779.60146096131,322992.5665529387,464076.32537706476,99908.05630910877,39775.35876976717,260805.8114807259,49348.32212374357,14974.781839954769,1248340.6813766763,213747.01487095637,64820.45661286362,53336.37914185659,556219.7465334818,36630.62342030122,55621.95258222893,271045.7497173548,52890.60558273356,306754.81622361456,40609.21957344795,131523.1817192249,36179.59470167274,19445.660284895526
94229.05535980829,210220.67742860434,199368.0212216014,35496.23286061903,318892.96123965114,368659.70597415377,96472.62004131998,38638.616493613124,233008.27044506412,49348.25108696903,14940.743694822118,1234008.3747104313,208029.05411478181,64819.04088024557,52284.35528906634,537914.4920942013,36577.65530741492,55061.10411854679,263326.4834366187,52201.56584827488,296779.5123781819,40560.78053920485,125572.14448230897,35232.014571904765,18983.81204221405
93656.26120625794,197530.19623005192,192195.52775159065,35447.77519975786,313800.83042202645,274691.9527945578,87299.73772089128,38043.43908019655,231745.31287016414,49186.15471478912,14648.422667917832,1217311.774294612,198731.37486092042,64482.68811965121,51344.944226770705,524686.1782587393,35656.86596025353,51003.296164112966,261042.01409784626,51376.87349440034,296779.5123781819,40310.41673490985,123347.11217573902,35004.604038867874,18964.66380018722
92253.47049745926,193283.17491929888,185201.51030007924,35109.74323557879,312173.0710330143,268363.7447647576,79114.45252818496,38040.136002506624,225115.12266484683,48882.45101847177,14411.93952744501,1180596.308558974,197124.40262775245,64454.449620880434,50775.419998345016,520984.6674614743,35320.89593997668,50252.27927018805,251205.83502880024,51309.48636902035,289105.56509861734,40137.848031631525,118537.98691807169,34737.03034497444,18844.938768468346
89514.22416695143,191292.33921918983,184460.37580850613,35096.313547299476,298079.63194643083,267347.30271949526,78439.63092928547,31906.898400286023,222199.68889794944,48349.06459139001,13394.275516100288,1162149.0513280577,196594.23106812447,64370.62317558915,50614.12614769238,505055.3648587015,35121.01192744051,49546.5039571605,241932.79019518482,51235.819843829624,289105.56509861734,39728.30021071192,118154.9383352257,34157.599378195766,18703.506779473886
89514.22416695143,190199.85027479072,182985.13277587897,35063.7261795696,296276.5863650587,263313.4365234815,77457.21364578576,30666.427502678278,209372.47962375855,48349.06459139001,13384.814212897087,1146371.4016359523,195683.59045199023,61989.201481287826,50327.12803691082,500659.2309198367,35035.518755033496,49544.76832641026,237456.00766795658,51052.75314162315,285506.4379561668,39568.731337541976,116102.39889959077,34005.8523180613,18311.56042946308
88150.05691645938,186725.21584339195,172161.1390430314,34947.35509050812,291800.0611609928,258296.09454913242,76025.11781971302,30235.080062010376,166109.50223555026,48289.967506329456,12274.576013707645,1106682.561615495,191602.88530196896,61932.029468961766,48130.23730838433,493839.32996021584,34557.523936324964,49186.20455821884,232337.11560170946,49929.06293194963,274135.9384483006,39419.32256949619,113063.70975203953,33976.6659126969,18020.289618775943
85299.51368221465,174767.83323096897,168875.86824128934,34385.99769535092,280278.2305312853,254329.94660316597,73844.00568634552,29968.41515088294,163822.369729727,48257.98755066171,12189.948662276369,1088777.0694534515,189565.96233630905,60782.944630081336,47790.84867321235,493420.5897082712,34382.56271555368,49181.43117682663,227056.54778112622,49810.13321151063,273083.52484502876,35941.76423923175,111856.04507429493,33902.44084486827,17992.391259650587
85250.76907647822,173331.56261384647,165847.36027139993,34340.04743400822,277419.23676275613,253241.43379660256,70044.642393329,29645.79463122325,158917.74090610642,48087.44957699161,12189.948662276369,1050980.3285097117,183335.2465749261,60015.978033805,47550.61844539499,488313.57036336913,33913.55423905852,48892.978140167004,225237.85729360866,49810.13321151063,251920.51028900372,35847.81551251778,102286.60378678201,33785.48774512652,17739.178672474212
81733.64249383466,172403.07516522275,163641.02995917888,34336.0895453259,271422.06435197406,246950.93302246134,69663.68535125954,29618.451164065726,154174.69825968888,47926.065137978134,11794.123563789723,1018707.4584889802,179467.54935580256,60012.05432960196,46747.87427033683,479438.5179315891,33852.45177388043,48017.04879250063,224601.3702524867,48684.76350169372,238416.01455916333,35772.41680965482,97531.56980310046,32260.472498608906,17589.275999889862
81016.29389387785,165673.87777158234,161480.09297344965,33703.44853179335,249383.2499576814,240643.45003692218,69472.77204277006,29047.295859665257,151551.3578832482,47871.07944987435,11210.01199595464,991775.796864831,167989.96810885915,59941.00395701956,46665.83307555926,415197.4596504307,31601.062163288883,47973.42683011429,218876.76807535798,48416.175914075924,235984.98501336045,35566.07044197769,96357.83069934801,32248.69618533655,17214.09440655666
79848.59471469124,162373.9636685695,158388.5058639517,33513.35888118088,248536.37758718978,237299.57079520586,69469.49795210258,28999.417943612607,134121.1957812688,47747.19305304252,10652.39972309647,972974.5891776952,139243.43386678523,59590.18534393549,46257.74522007171,406199.892246037,31393.770774567,47112.750823309216,212159.01559710916,48338.26685536659,228524.9522401494,35444.83557685961,88924.88462334788,31735.354590769784,16750.517912945455
77943.76392885909,136260.59233216464,151015.59131835774,33343.819833914284,244233.46149251005,236959.54277377317,68807.50603241424,28752.426214851796,103077.64182478895,47741.02947586369,10652.39972309647,947221.9461284959,132158.1023700339,58858.305024814465,46138.58871084147,399875.1385448946,31316.428428240568,47046.13509087975,207349.75574864642,48086.96798643664,217160.596634199,35409.49445374734,87549.99721390124,31473.303185017576,15916.536468021439
75149.94642521781,135084.40896988427,147588.49353024663,33185.80452562284,243538.39831236948,234299.88418121316,66341.92788878617,28027.43525834951,86844.57314475447,47509.733356602264,10600.93237867134,938198.0331155783,124623.93833381357,58621.00441558259,45649.374688337244,396032.3435326875,29860.74045576025,44983.93511307199,200169.82516047097,48028.37270231221,215234.6746418928,35221.870043103605,86723.34929329647,30382.59795185636,15908.813910482695
73921.82385170348,133257.40774401155,140915.0955283717,33166.19110547971,233212.97839223477,232191.46974710518,61399.809922158514,27860.620892959247,83668.39176989553,47015.741848617225,10530.772350133451,932598.59488551,121724.87226759401,58078.13604676368,44818.4970633975,339737.95088514796,29733.014613041043,44562.226923636525,192933.404089562,47635.33756728872,207900.56475465308,35191.53132150797,83758.7848445999,29467.405631472193,15868.50339091049
73309.0987487468,130023.5407698202,139608.01547373633,29247.010518622712,230098.88217501476,208245.12175362057,61252.65161261317,27315.130278061817,82450.57469699986,46887.786996992385,10001.508856222592,917327.312230653,120471.56647155198,57781.73733731184,44696.67094760005,330290.79263402655,29603.487934668752,42034.02253476642,191582.2156580325,44506.65552256297,205032.72948120467,35100.8605586799,83283.6791982191,29391.032181974133,15795.668887172647
72424.57089277185,129019.94258144013,137293.77691525273,27855.154620952006,220225.02950280634,206801.82514150304,61188.96936441501,26096.966795675777,80679.60648876554,46786.33480260737,9191.646241537506,914550.6557022829,102400.53896333874,57539.820387721615,44015.74453832845,316468.24507766083,29317.948448191182,41869.62592611554,184610.05799343332,44506.65552256297,200543.30558712856,34998.56349692718,77220.54497369703,27264.030432940417,15652.122808757484
70907.60284587476,127532.00119878777,135992.50877554837,27855.154620952006,215812.578532913,206801.82514150304,55086.09110401277,26004.646465775055,77986.00440613151,46731.17933876557,9110.956842381831,904725.9665575821,98470.58383981294,57537.450493000026,43741.24095142958,316306.35733464547,29149.710914166244,41573.49258049256,184610.05799343332,44493.47560049809,198143.00009833043,34670.06221441789,73109.99875925037,27160.530994775534,15623.00919233332
69622.77265998095,125619.91297374615,125651.98897842912,27778.68719864462,211692.22397128885,200729.2892569065,54927.444565844075,25426.811420105496,76872.45144094813,46718.60217017183,9110.956842381831,888499.8177611615,94658.70418413189,57230.27950558424,42229.218973284165,314972.1949153904,27871.611707925273,41198.87887906015,180468.5987363983,44231.93138324438,193476.57374657528,34556.02542156959,72532.509231977,26920.971409095313,15570.992208819524
69358.41638409837,120968.43807417985,110818.12388845623,27480.72257473546,210152.3566526436,196123.52509335915,53264.54805355835,25295.58004449415,75246.88799761808,46519.21917330142,9097.350523683686,883356.0940451405,93288.9008757649,57230.27950558424,42229.218973284165,310363.1876306736,27834.39421914777,41176.391353750085,178212.44450635705,42941.5655703546,188447.12915835978,34099.388338583936,72029.48822341926,26397.5601061707,15396.385950683782
68336.58079362226,109135.15009955186,110818.12388845623,27472.368508672447,208920.7357894726,195928.68473903387,53067.982559252756,22683.932725141516,73004.3714842376,46441.831785024835,8707.167438304234,866827.5682932688,88329.51895310511,56675.39543877389,42119.936657767175,308678.9863350504,27814.489493266832,40653.963566172,176858.9412161106,42941.5655703546,188447.12915835978,34039.20212540364,71001.5140880711,25280.02586086454,15184.045460724301
67662.5781793213,102580.34548344697,107099.68927329019,26870.5003057672,208190.23263439248,190186.90152938833,52997.19004863573,21818.62418297895,72485.62595010913,46243.904029607766,8593.567311322306,854592.7569704339,87753.2534529215,56380.792238117705,41949.453723086226,307146.26818805473,27651.597527431182,40440.20603304726,174421.81062157394,42681.245146935355,161569.83111354714,33890.57207141327,62098.506901474495,18872.21078046157,15078.677642259365
67229.46703412523,101892.82701544922,106921.47291480581,26634.077888097345,143683.58530137647,185590.01439525335,52713.5916864342,21675.092031667817,69551.48764650988,46123.62766474149,8333.786451893166,853357.7686785683,87409.42301587672,56235.314545217705,41277.36048597243,299141.1000076244,27367.379287357144,40238.48057009056,166546.3951535425,41749.629722851045,149009.72706397963,30878.378496102294,60703.88466405317,18479.89733902982,15051.323048091332
67180.26025462568,99830.6916807392,106543.2565448304,26380.473766586118,143683.58530137647,184680.0914004064,51637.18134088536,19202.6181926684,68138.98237664862,46004.71406874771,8314.503004386142,840142.175399056,86158.7577375467,55864.560523110515,41105.61603442171,293413.1071334066,27301.415701082085,40173.3151365513,145635.87932062038,41012.54906206443,142619.14109491574,30843.51592409583,57838.114196206756,18348.786255511004,14617.88907470449
66872.17146811867,98017.36779413407,101868.67714600993,26002.811654030742,141562.9398410172,180045.97558913985,51635.44147246359,19177.711042105293,65770.78128501323,45316.81959418134,8187.082270090266,801070.6578222718,85762.769561942,55828.25230023034,40985.32524302114,278611.709908692,27242.57112983178,38597.19217736905,119876.34062032522,40806.956001574064,138867.62567692235,30611.805013545214,55819.49014129058,18175.3561730549,14525.780530318138
66851.43226878483,97525.35423886783,101848.67385755724,26002.811654030742,138583.52607520172,179667.19039613102,50961.07115475957,19138.466412090223,60200.77867638499,45256.09223250269,8183.395757527482,780519.3310897107,84602.24583245504,55251.17267339067,40547.69369317546,278468.68511646293,27142.018324879402,38581.66370109985,115732.69798910615,40794.525841448725,134295.17567181063,30392.17576815138,51310.39303931559,18121.373566556176,14496.709482727983
64561.71324660489,97136.26240874069,99263.12632029229,25829.324764540626,137127.58409144537,177147.55039026684,50813.117772053636,18734.625597603575,59723.728267066406,45184.86245375142,8135.356696980212,780448.3360360963,82688.02281446164,55223.17757923611,40434.12251004163,267006.2649911548,27016.711590686453,38569.86646412045,113486.09249655186,40782.51919408542,132064.87863700802,28536.226864675293,50850.11712367551,17123.60412463723,14335.189333708104
63386.17694852906,96181.35256514855,95295.99773454141,25553.600002498744,136213.0315442111,176715.55255824333,48197.59195902213,18548.241860252667,56686.97870701339,45167.9158948605,8133.487952261459,776524.6852499873,56696.24073190157,55223.17757923611,39884.70008027742,250669.61431554196,26449.07648357365,37570.622380057575,113486.09249655186,40743.5833894518,129596.25181194441,28096.035214440308,48205.96392120964,17116.297916074756,14313.481188829408
62541.807529988226,95838.21278492895,92365.18078984812,25441.889042615054,129008.5752188337,174516.65217342353,47582.54114645112,15259.940667149,54233.06616023942,45039.94543923286,7632.689307735404,774741.7546548719,48901.205559698574,54192.91718503249,39763.760261086245,249133.68332900916,25676.98000998254,37401.9506195761,108586.93716656137,40094.90414803444,121707.17244658551,28041.543538937556,48094.54551560472,17015.493971065745,14259.093942890715
62116.742736639724,94600.00779104963,69464.8683047578,25281.883454033643,125526.17469517437,174190.08707991635,47578.386568335234,15046.80733946487,51128.428285486996,44996.904169019304,7607.121603829475,745359.1765422163,44114.46183418715,54031.986101845716,39668.85321610721,249133.68332900916,25623.142036652487,37134.271949875765,105878.3414829804,39800.15518936375,79823.76164193999,27902.88307704569,47001.6024779176,14819.882956942385,14257.443447520793
62036.51980089236,92056.74738291833,65618.97074525962,25220.356350352973,123889.79147044707,172013.01812318183,47389.26412346501,14365.064411878691,49369.28758474629,44996.904169019304,7529.909728947236,740475.1039206493,32817.554827277694,54031.986101845716,39172.707047622986,240960.9649182979,25394.084903786872,37065.79317591574,105042.39423745763,39577.322255523475,48561.975956597336,27161.540771507,46344.403741244314,14774.719756740842,14244.40240639623
61606.13910076999,91629.43231139747,63728.32321149156,25013.966238097637,123495.05970396144,170331.79601536115,47266.366161072234,14343.722606152625,49033.43041009551,44965.74935889655,7426.060452681812,732856.4703185979,31515.054715778395,54031.986101845716,38736.302925275086,233431.47640813646,24971.218052802797,36954.87366864096,103053.88746227667,39531.61486192505,47321.60761838352,27146.404257718736,45994.22167597997,14653.211223834445,13954.420657448665
61606.13910076999,90905.97476447666,62289.65721082746,24937.20727205425,123222.98322815132,167908.13413658753,47210.59580419361,13143.236534880138,48344.38410883654,44700.41913778505,6996.421906345305,719406.0368859393,31498.433476322378,53779.32786842185,37693.25470572244,232981.60530845108,24907.260062387228,36884.98263951367,102829.04818864353,39441.604197922774,43822.16600122837,27135.874353296826,43908.49299517157,14315.05874497478,13950.202290356887
60959.37373248436,89985.82503010046,62102.53612741895,24908.426213343686,120124.88285718283,166421.69389759257,47087.45679679978,13057.831177649381,48224.56437130666,43897.79496075177,6983.469342488577,717699.8719399129,31428.11889555746,53607.25928888613,37569.356784830146,229564.37698254286,24658.292804332817,36853.99894977304,102062.07194222987,39257.249365328986,40948.53099956127,26871.91456094831,43606.814763327,14210.328346151668,13932.727294174088
60850.0666483423,88173.20886229248,61166.28258136279,24806.111350822164,119162.1352083295,163416.77845780266,46410.783419408544,12665.745333549905,48026.17596588716,43897.79496075177,6971.182409993766,674143.1153475998,31290.434181490797,52801.65933868792,37060.79599145349,217738.3826385605,24658.292804332817,36823.36204163545,95485.81127098904,38809.36809089385,40100.092358728194,26403.617179358338,43256.61295794029,14106.732771464924,13770.965982485379
60123.1137509159,85537.85473582812,60684.41514004089,24806.111350822164,117625.08650927764,162272.1802834922,46256.87396418736,12624.412991896812,47285.78849892429,43807.373216448555,6910.866588835191,665719.7287273757,31290.434181490797,48116.07013582322,33584.64668806764,214779.38025597547,24642.39404621753,36641.82589429343,94132.8019398361,38727.06918706333,38864.06300206761,26319.021107511515,39508.352086669714,14106.732771464924,13751.112341633874
59458.59973786927,84409.26460784765,54754.91598918564,24715.56181654128,115497.07660910921,158792.82361628048,46256.87396418736,12448.05958203646,47225.573309853346,43781.405767721386,6740.4508394193435,645941.705722278,31290.434181490797,47994.077455964194,33564.9387815301,210082.03332478483,24541.866258718044,35850.71476089985,92289.1494590806,38464.10144151171,38840.74495627911,26198.768697184267,39189.42122364946,14044.826371110119,13706.22606662938
59458.59973786927,82559.77127921024,52631.58994329115,24588.697083544565,114176.85627322741,158598.18989117077,45160.37723736988,12251.862982263743,46575.65271354083,43768.00381416189,6739.581157992958,608330.2341061141,31228.14596724609,47774.35008250564,33482.21323031493,205142.36382210068,24513.723571246504,35617.66089896118,89940.38296997882,38316.44749234814,38363.982771175586,25979.345404554893,39189.42122364946,13836.382597757776,13166.932790614204
59285.11152933159,82347.00689560737,52407.949414122166,24588.697083544565,113096.46599313557,155369.7077976982,45142.544996002136,12168.388931228777,46282.0090900089,43171.310343039855,6018.550746565871,595069.138880944,30660.188372805485,47758.27447184842,33433.255329748965,202445.64302572978,24412.92532443189,35122.40802491297,88045.1285705037,36682.299339827194,38363.982771175586,25926.57370380509,39047.956604822415,13820.715130815266,13080.400699101623
59022.69347430136,81866.95529833419,51218.47637378481,24472.576526324432,108042.6636007975,155122.82125454186,42455.22768502853,12152.084686237622,45850.16498665665,43059.999780153405,5921.797314668011,590452.2807489402,30479.735301907607,47712.28092589588,33396.489312145946,192192.48881969028,24366.528176403433,34784.25162864598,84988.40435253982,35804.957818901596,38338.643920847375,25843.813872563092,39014.32821418983,13688.400079529765,13030.500886907448
56055.289550708316,81220.80086418355,50732.66971773733,24298.614822463256,107589.33846088867,153756.49538997872,42043.63421797277,12115.823622905144,45222.91892846467,42932.20896534046,5878.927019110625,579394.2225053079,30479.735301907607,47354.041620041826,33260.10500593367,186849.10071813982,24343.977431280902,34603.294129956295,84479.67812436316,35683.47954439585,37690.42619566746,25659.70595918554,38900.57574981009,13556.11826801406,12940.916941820957
55816.508281098526,71706.65537401632,50613.3807746146,24297.28837611706,105686.41567577167,153025.00472736612,41689.60991156733,12055.444682376203,40970.3434046622,41739.97078092435,5814.784787611672,571827.0597426303,30146.57337378293,47195.81303249752,33133.94635287911,179290.05505022322,23265.316589789545,34531.49345025348,81916.33952542329,35624.22650474388,37559.97596985276,25620.58948462816,38758.780182079536,13556.11826801406,12937.811249258724
55661.83542429382,69515.83640148379,50599.963749303504,24263.65110207876,103249.04763748455,152283.7094605294,41615.25314868475,12021.075070731655,39681.60102630623,41709.925828496926,5814.784787611672,566445.7794496759,29103.340297385672,47190.74656056046,32949.83175302447,176226.83430013302,23218.307194178542,34328.51483405619,80352.76266871714,35401.05106385134,37409.2368090222,25516.558784140212,38509.01592385506,13360.503669301155,12910.595426301466
55257.18076183589,69172.11130684336,50511.97992166153,24187.213729697607,100535.18505411207,144951.2152232272,41507.18992065935,11611.955387925547,38796.05312220172,41564.18304470533,5140.054148955439,563095.0646545255,28867.477905102995,47166.79210939514,32877.512223709215,166194.94834215465,23116.278511441695,34021.977356873766,80243.11454336478,35314.89941524302,37206.030832065415,25513.73455565135,38426.87324242763,13311.414260730759,12777.358964653286
55257.18076183589,68293.44662002366,50191.5604096736,24123.330764554477,98887.39154973293,143330.7006192013,41181.96411860341,11565.807838020008,38274.17256776526,41437.496677593575,5140.054148955439,546203.466260604,28521.35128619824,46855.827330981396,32730.527232629414,159651.21657180312,23106.614130585636,33848.137717096084,77915.72378953722,35140.17773295775,35451.82169887833,25410.649069867133,38332.21807412439,13059.917746927753,12654.307578059605
55163.120488035915,67057.41469513574,49882.154866265315,24123.330764554477,94550.94502601771,134093.07548908226,40891.02377388557,11517.596470816148,38037.26150519971,41274.67769040462,5081.253175673817,538901.081060687,28155.676647912976,46780.17464066813,32662.842273651106,158011.3108038715,23043.202788024893,33798.563203534286,76062.08492845156,35105.885622689086,35447.035401127694,25386.524077471026,38171.56111867067,13030.492008887246,12539.071505659515
55029.335107511935,65197.30084133027,49770.6164837613,23780.18086932562,94396.39043041265,126427.83496471081,40446.337203909956,11455.704033889511,37755.480106224706,41149.78675607653,5062.796109429959,538663.0372646734,28155.676647912976,46741.61765373379,32662.842273651106,145987.2446756986,23029.58694556766,33034.07475032341,72609.07072554746,35090.55160460228,35034.20676152424,25068.676761600367,38171.56111867067,12994.157146460198,12539.071505659515
54796.33231288827,65127.720843845185,49731.17139759957,23729.511585897053,92566.70985384978,125212.54857113147,39920.269597176324,11240.354906490582,37395.586994075464,41050.82217013013,5046.696633844897,530052.8960389979,28073.63988700345,46420.49126489344,32494.31793331486,137882.80954071617,22884.255308067204,33007.821894787405,72376.5086154563,34980.45582483525,35034.20676152424,25037.62251550761,37191.092448072326,12924.128255626996,12322.659415122062
54620.01700471016,64547.43482210975,49100.13265250528,23678.16990007551,91727.94437823637,109672.26342669233,39656.53023945984,11225.193900320246,35187.829019774785,40980.80953580879,5043.523829729545,523138.0113817485,27465.585681849872,46182.98168412406,31841.800562943274,134505.70099126035,22835.539233899482,32905.32560100786,71142.7953376559,34567.386259526924,34910.84751039586,24988.71668595771,37101.002820479036,12662.32640203782,12252.361524542965
54037.957414313176,64139.62323605731,49100.13265250528,23562.19271252403,63426.0240076669,94385.69886228863,39559.53550834421,11188.954228003253,35033.659116562085,40887.93522842028,5039.9835597406645,517129.1763419498,27327.59771367438,45938.48287034745,31091.25204543404,131399.382219803,22216.27866898921,32777.714633938594,69767.76068905563,34000.55208736124,30999.325534546202,24691.40244877929,36908.7010115726,12631.628242002218,11642.770076389354
53939.04892476414,61329.93160071241,49032.837323674474,23546.89256632219,57385.014051327365,89716.39748396011,39543.49233081584,11086.451583401817,34770.61704765181,40550.82677767934,4963.532664168526,507164.98754143633,27186.760635646755,45687.618163998806,31001.29384964787,129913.74631340575,22205.606688115982,32758.97898761652,68905.7501688632,33949.14099127731,30980.106065099644,24552.309038133943,36357.655481127455,12631.628242002218,11456.203737855962
53653.07590109875,56455.69507139552,48749.24805512199,23434.105917862922,56856.85341387917,87581.84101511471,39144.76990080991,11041.071865898466,33523.124093646744,40063.531716378224,4930.266900376257,503380.1301966884,27143.573309858686,45655.79220047474,30845.993994619486,127366.1285433922,22161.018425579212,32498.618820110783,67678.9891885882,33579.17625738222,30801.73909764489,24535.055990083813,36344.571528383734,12573.881008719016,11434.923144583327
53605.66170875021,55927.92912567887,48593.13210205867,23398.146656868827,56073.449635332916,87581.84101511471,39144.76990080991,11041.071865898466,33523.124093646744,40006.309821841234,4898.264176917151,501795.3927384715,27059.999905359044,45512.61358089858,30758.150769426782,123162.45849735539,22057.215559706106,32391.316499301705,67265.19748181142,33577.409487141806,30574.595948795308,24482.472538967162,36152.02124154031,12426.039247243069,11392.032740896724
53586.75102737652,55927.92912567887,48401.76569791591,23240.986897134317,55212.97787334492,86102.24464312686,39072.55602895554,11027.329837105048,33354.10905868209,39995.269262710855,4877.919876215468,486578.2587853826,26994.334435377048,45365.94829663075,30708.22466519838,120227.40127727875,22012.881366516573,32065.9070684841,66815.11981747665,33471.495963677866,30248.118490813147,24132.076618313775,35611.95771152865,12392.35053819478,11346.39570724198
53425.21758082705,55083.27803440108,48308.99739870796,23176.771609817697,55096.40059498111,85402.07248040383,38975.806230307215,10912.637309473515,32873.13233530604,39870.29759237958,4871.9763372198995,486578.2587853826,26841.5774357798,45299.53009380587,29998.172234256668,117061.48268930272,21909.53634435103,31509.090510506037,65776.47022359892,33287.092376161,27310.19822930604,24119.12410466234,35429.69360049233,12230.942643136637,11297.788049692268
53125.47356090055,54888.704249282346,47368.94729507652,23115.536808430472,54441.80539467873,82616.3181232961,38660.470882194204,10763.770455119919,32688.306018628173,39750.631168550506,4830.580879289391,483137.63668156316,26810.514766038552,45116.32009295205,29907.39521187404,93894.51398906896,21865.447524994233,31448.91195488043,65022.66986413014,33223.36153714037,27243.290814107855,24103.283705505142,35205.96310871914,12212.240931117209,11275.254831395883
52833.09338435616,52571.97352237724,47249.5104370521,23086.68568005437,54161.0638070075,82411.75574412552,38550.57129391494,10734.875195557519,32391.063952239034,39600.564505114824,4821.235799481934,478586.01870456844,26684.932121754537,45058.44175796851,29889.22906561833,72915.02533298374,21829.936255438784,30552.617373736266,64486.23647605921,33088.98543930615,27182.66717447713,23949.715057284695,35174.03456886234,12187.437382464472,11250.852268254861
52589.30564958947,52144.147508266564,46791.35188589564,23048.625098994686,49979.674519172746,76396.93751632287,38384.93624501162,10721.933257085613,32321.814553671746,39583.10968698314,4797.679426451472,468563.2269093459,25988.002274009774,44992.053451189015,29735.0084153954,55202.97165044172,21807.99850143764,30525.70159140354,63630.48230159757,32943.4482749476,26985.416987517638,23792.329054762635,35138.9911267712,12048.593090512775,11239.424453186693
52579.64823447136,51637.3267004716,46781.33862469063,22961.696673106726,49417.61375290038,75997.53301503195,37944.6456270425,10651.849886269254,29105.205345498496,39367.77466985254,4766.69040130503,461390.59179100173,25783.67704183326,44950.728690096956,29637.45710358429,54328.510339357614,21750.783920197166,30412.654268060855,62875.547683195684,31657.23077014029,26869.4957917456,23702.578252186093,34936.47246479444,12004.7173494861,11228.778125003944
52190.79544810527,51287.70839726027,44775.874711277895,22943.881203936202,49201.868281659976,75396.03288087339,37944.6456270425,10551.304911378884,28374.412674808216,38668.29879314132,4746.017817416103,452094.4982155967,25294.154321749615,44868.142288040675,29584.49983354945,54328.510339357614,21104.418737607633,30355.014376998588,61790.47737222671,31657.23077014029,26836.93107542521,23666.386435054064,34757.543244416716,11991.44615651684,11142.31460948397
52074.84971273848,50901.84225570045,44563.48994898885,22923.93792743825,48957.45821531839,74112.59391705951,37902.53206581208,10511.15696391729,28374.412674808216,38610.82052282469,4734.442938085953,337114.117825334,25261.453506165144,44846.66566274829,29262.965619401013,51513.76820745906,21006.585334556425,30058.22687438685,60455.83922860631,31549.800596480214,26678.693953504113,23361.224040090834,34667.10085404163,11983.070409474232,11108.152649288386
51910.56569366114,50379.16674058872,44563.48994898885,22739.124261777542,48209.32693265289,72078.29693542086,37599.72199579669,10478.111927126436,27890.39282067726,38462.05699613289,4733.759602989534,337114.117825334,24913.841654832402,44801.92816668,29146.22700610639,51513.76820745906,20967.13483036515,29858.38667521148,60442.35303779208,31392.72918484186,26589.440241992095,23183.08853587339,34393.51863896355,11887.946340858452,10945.457838469276
51910.56569366114,49862.12507917957,44088.97192168443,22698.485690851867,47895.06205502937,71751.95400427807,37420.52028841316,10456.38516870598,27649.22937547704,38368.396624268724,4726.471348653689,332476.2916951554,23847.017976595278,44477.55677251378,29094.92525913551,51120.664168906704,19673.39626755584,29830.101383615634,59824.384174848645,31381.36025725448,26563.960937325995,23124.9908762005,34317.916893320595,11843.426186607376,10883.600442731593
50840.28841212201,49698.68438664655,44007.47413444335,22660.04089341538,47600.99538083722,66001.25626292481,37350.68189216866,10384.725714863649,27589.74320999181,38307.24755446088,4576.5623365818155,330793.7707334494,23777.762884695,44439.39539268878,28991.408067341275,50035.13645032569,19522.44834118368,29415.965619728264,58844.6152441693,29987.795924002745,26541.86068664659,23061.072307909082,34196.5184299039,11838.238850871861,10874.044532650309
50721.21521304243,48884.88868519606,43808.88723651509,22532.3383704262,47234.023898079264,65422.19045244603,37122.784994534515,10359.107272921045,27479.57409946609,38088.05310605863,4573.202098038426,300882.0502687018,23676.346707392495,44384.52394581843,28870.54599127206,48883.51736947918,19522.44834118368,29148.122600536743,58668.86265880689,29553.421848155187,26522.545591438145,22007.20977992214,34100.71288573841,11797.464907915652,10843.759898335866
49648.48672678452,48789.79460649294,43245.610111361835,22520.836328400197,46780.92340202524,65010.291084046265,37072.177635415595,10359.107272921045,27145.137369093056,38024.899338283394,4573.202098038426,298122.8305848399,23631.827603582195,44059.83012453022,28821.96314986838,48566.8226212452,18893.49270361843,29123.096602575937,58062.46990442665,29203.060716299886,26398.715601416916,21812.67528545957,33944.705675400066,11735.232183441798,10804.75629919098
49613.269785388526,48385.419188485146,43219.20255647824,22447.41585645137,46458.10783561226,64417.397287140695,35981.987212590495,10273.03082278293,26646.858540540812,37875.60905301238,4549.461255181637,290793.1542103323,23112.511002399056,44026.06316634089,27903.308946014033,48368.42503310818,18799.338531707686,26962.080213710666,57342.59316869869,28851.614480965312,26390.627777396454,21652.03948349134,33078.49796784662,11719.539925122932,10788.595687479265
49588.609899718016,47481.78520326591,42997.41807342379,22343.77822562939,46187.94856977595,63163.00440702701,35910.27710024592,10223.13876769488,26491.47052084318,37680.10133675572,4543.172361771965,288933.49867732514,22983.402744834788,43781.46565024661,27704.32884253675,47071.838112240905,18763.427054544754,26803.721404255048,56710.19129834098,28676.202885804098,26270.69878428244,21577.31781185758,32935.58503172104,11412.536943187913,10754.949217983874
49394.41376855933,47271.851089088676,42924.345257267516,22168.613816391346,45736.33009205612,61188.508045752395,35692.84919156738,10200.163403139726,26491.47052084318,37440.298910485195,4537.530177335465,269993.0275643034,22974.50148387259,43743.801774814056,27694.35420077839,45110.99419477873,18544.508944592522,26764.85713498197,55574.06226610929,28656.719190680833,26241.249799380646,21511.381345456604,32890.60056595466,11256.760143884938,10742.993186376643
49210.21322911866,47059.484628701706,42805.00056685181,22120.83574751641,45684.70643780022,59835.84891292511,35685.840134830105,9874.156502143938,26087.058734868075,37397.51898924558,4506.824218811191,268718.3753874146,22857.98838053528,42388.25199802694,27449.70505892743,45038.575254834155,18489.223112662054,25411.058873275484,55230.266962083435,28450.425088229254,25790.5266146104,20592.878035380716,32881.0644076189,11231.116169954994,10732.812266401063
48206.13319635238,46744.340136178995,41981.411704685204,22065.966896869177,45618.03803701295,57860.71402149431,33403.88337330373,9855.416787448281,25860.172984607496,35554.88623366097,4504.559280139081,259766.34679776707,22729.171194660743,42348.70275949216,27104.692395254868,44840.70682790074,18479.823426660754,24909.387943810423,54924.848016134514,28450.425088229254,25237.786439435036,20506.000254940125,32741.561858559402,11192.339156349432,10724.179069940048
47346.10782636141,46744.340136178995,41739.174652675545,22048.85794252348,45504.38350757823,57396.274182053894,32542.03907017292,9842.815007675637,25470.45891942811,34541.21899875333,4275.512822613306,258363.6681045756,22701.875882115102,42088.96912632058,27043.13899858229,43750.58731439846,18477.257476958854,24717.200435085466,54924.848016134514,28369.957671470747,25181.907287109098,20164.431180262716,32531.43229100263,10816.547272312317,10707.451971192291
47260.58247199819,45848.77471630421,41685.47004617207,21988.596336380753,45286.48755650843,56421.870951434554,32542.03907017292,9637.8997781279,25187.731460664003,34409.703985136344,4274.403435779446,253406.61590643972,22641.694553955946,41304.339922603074,27016.441685212696,43659.08440273591,18468.720698906232,24620.650843332445,54626.659648318935,28314.305707662472,24959.17444790188,20164.431180262716,31337.33434383802,10780.202565551994,10651.281870129707
46697.14582691363,45591.25592123289,41458.22567208966,21847.004781468902,44823.32808015826,55703.39899896028,32468.16443520089,9634.205716342381,25187.731460664003,34070.13294571505,4255.577460706584,249047.82417302055,22590.39581514385,41271.307130230256,26920.084176728702,42938.27778299109,18441.01072888539,24559.484332786236,52862.74241961576,28309.17231114253,24662.604448163416,20058.027442666764,31274.399975286975,10580.404888097622,10627.125964955154
46360.40175399973,45297.59053147802,41280.81011037083,21820.956073416164,44623.004731299676,54520.945885762216,32017.908890896015,9627.450792766573,25141.558530021575,33954.770670151716,4178.338635956314,247052.15637398706,22191.991705376,41222.41104248845,26819.289433971364,41924.59914535734,18438.002708467597,24451.59864837707,52226.065866411074,28039.360155888855,24324.399768294646,19837.402999776525,31244.37529916612,10580.404888097622,10619.200627147802
46309.6778902792,45257.394161611526,41272.48984906435,21644.61820467796,43299.08052707133,54296.94706792476,31891.61962276021,9442.716000033983,23840.76539806664,33884.366148094065,4166.734548373895,123034.69975027912,22091.31361514975,40862.94301239531,26670.251380491434,41484.95487954636,18372.660843116635,24187.522127215445,52172.224069773976,27768.302352374783,24118.14985231756,19792.1236844019,30849.357248431326,10558.322628084257,10476.78224047038
46138.89869393104,45222.49429662842,41006.83304075629,21631.02842630774,43289.7802991633,53221.0914214914,31891.61962276021,9341.60560518896,23758.6792870258,33832.389075001796,4149.7116467887645,123034.69975027912,22065.79984122864,40820.53334437597,26067.710986394814,41072.20939351295,18345.834769450536,23950.852216471274,49902.89544211483,27735.217170528762,24104.851504827053,19734.72502718679,30730.364519365325,10543.564774462795,10404.231884226325
46134.09206272625,44181.76361032993,40692.161031812044,21588.707314203813,42242.26948682566,52829.64713221055,31599.710968754607,9332.217445270291,23146.941024112122,33707.25347914079,4140.652247243635,115701.20561611229,22041.11543666427,40604.2301988299,26051.421447358654,39641.481240143505,18310.02126489716,23734.299566488888,49846.769976711206,27675.01291730276,23991.89081758606,19734.72502718679,30623.407338924986,10373.35794072982,10292.028563097823
46086.80901889106,44181.76361032993,40655.27656294304,21546.021761888358,42107.33704021214,52230.52108406084,31573.255332432487,9304.697589209403,23091.923119400588,33483.559938284205,4129.480884119977,114946.48793430887,21793.23075834593,40604.2301988299,25794.623458873866,39470.01641606859,18305.85200464532,23680.931603010325,49785.043696679386,26991.924939103632,23734.28039955417,19671.12113240576,30530.67287239673,10322.12918781824,10106.942524312532
45656.585810097116,43393.14970365362,40574.683904860314,21497.132083949502,41840.73435324595,51629.97455812551,31494.677341315935,9299.946060433256,23041.34537523934,33128.71015087466,4111.384006093771,113251.76956032106,21727.06951040828,40593.5571376448,25750.911265553867,38948.81058023236,18253.550401955035,23588.231013287575,49457.49934205314,26829.824467028902,23705.538735964772,19152.817574944835,30412.663465472717,10186.951611092736,10075.447454025947
45445.13182090346,37889.426445061836,40436.35027018572,21150.537866379666,41678.63170218728,51382.47535215306,31046.91071750624,9273.170682482536,22609.757417992645,33059.09048588842,4090.7766580326406,112340.70783254674,21653.808280947207,40584.42909350981,25524.949427338935,38210.776584829684,18242.16943315409,22845.91818092295,49423.75631213635,26521.171461309008,23498.333882633866,19138.073342280542,30120.13880161507,10151.523594799837,10037.246347544366
45191.88870959274,37517.36081184606,40277.223102790915,21126.135722444847,41000.92196815474,50352.98263865409,30944.09593742685,9268.736274738549,22597.212785824635,33045.75228564748,4083.5880036373746,111932.31499272266,21608.625478359674,40537.31443489544,25345.572547505886,37733.84672656546,18156.469140591773,22684.930509308422,49252.21342612456,26194.394303310673,23428.83710733128,18814.356845824426,30099.039786164252,10079.138215080422,10000.97786648677
44070.164850126865,37461.03770267534,40089.699310240896,21048.974314044677,37051.51252859907,49719.97155452761,30941.69860719532,9244.678320221217,22038.464741091524,32940.205528813385,4065.5282156303947,111932.31499272266,21194.746777755798,40534.8488429775,25190.915712643942,37522.10242689388,17931.900554258555,22487.88781645485,47901.56702094061,26049.813210460212,23163.826967471905,18621.519553941107,29932.500748936905,10029.304845993041,9999.43232499655
44053.855861830096,37282.41597472978,40028.447147540304,21031.376575682538,36987.204924753954,49507.65725094962,30922.792131153135,9231.058961123328,21709.954218919065,32841.57391962646,4016.373264147047,110166.09681219081,20552.9739698352,40509.61936868033,25124.080748229124,37317.21371649542,17847.22981211763,19865.222809500712,45026.74901166116,25671.18972236373,23151.302385000174,18562.545486947165,29765.861293421352,9980.67321909224,9971.461978557625
43686.74503538389,37207.4038176934,39834.66107320757,20930.65768574246,33512.64526710067,48809.40487372144,30688.058430460227,9149.460932403174,21593.906565974172,32740.082414656026,4005.7964157714314,107682.46480727645,20425.35366302386,40051.1626428652,25087.6012571052,37230.83080959847,17847.22981211763,16572.041427957138,44937.894603839886,25655.03649281202,23019.908912695384,18545.836287194423,29671.752979017172,9942.596720032961,9971.461978557625
43460.53053879997,37168.36524436194,39583.63075945365,20892.366982610194,33196.144835836596,47665.59412051393,30682.527080874373,9148.520748391486,21523.98555257127,32720.982913679687,3993.555985781343,106944.25409043813,19919.7908905419,40051.1626428652,25006.055134746246,36668.616305468575,17387.961586725367,15842.94833724654,44586.46892589198,25621.752709270757,22833.214178009657,18517.607148016737,29665.977468021945,9919.210723922128,9955.970969118815
43421.910471155854,32992.70171141555,39149.889052991464,20703.946497373185,28880.01401301327,47397.11077383724,30602.35203007461,9123.969508691604,21360.274210771175,32610.531966561608,3981.574411722848,104358.37073918493,17308.827736991534,39019.40076650165,24787.30471174593,36559.43151867755,17346.77754540628,15028.750135927206,44468.71200629793,25607.94630760012,22833.214178009657,18415.04818076909,29648.878788035887,9893.041753340987,9909.564855937573
43120.69773613092,32783.0068889852,39149.889052991464,20639.434398600988,28744.061118190013,45806.54945026033,30106.964114379804,9094.480356629849,21360.274210771175,32605.42205193087,3981.574411722848,99723.84582359059,16762.401737575787,38567.8876991945,24666.140759571463,36151.2565975572,17335.802602584445,14920.509564003882,44468.71200629793,25308.428270799177,22811.89369818446,18311.33594763577,29537.36020017919,9884.875944063642,9888.872878117723
43120.69773613092,29493.349352718073,39120.813644119284,20611.441747581524,28680.85803987569,45788.179954638734,30008.657892711628,8879.100973789948,21130.48042347552,32510.45077760935,3973.600077140695,96626.0340768979,16555.382959136656,38490.12382358307,24584.626408441196,35075.679000688455,17295.873711723187,14816.448587105744,41708.28391567282,25175.25600385755,22591.152084049856,18284.881541804614,29409.838667499713,9805.863946411584,9837.487258055742
43037.61691923949,29279.387414005396,39052.879456396724,20538.078751581186,28606.87340175483,44639.29021843277,29818.38969531666,8870.049985679841,20924.639795217332,32426.456307206623,3959.8766480573804,95847.17706595254,16420.877517450106,38428.59537061183,24511.049754763077,33815.33999808954,17224.082138896832,14791.978318911672,40316.10787236976,25149.669228828232,22535.64373883797,17509.74054315657,29320.31083714078,9782.608876925215,9715.664847607555
42947.24035900756,29101.613311057296,39031.155894162526,20538.078751581186,28472.372643567145,44564.03583250878,29719.261198130633,8845.98030683933,20897.379393715513,32418.39809932579,3955.148055130083,94980.33666655429,16420.877517450106,38248.62826230601,24348.29374404349,33689.533578387716,17103.218442304304,14709.52596603597,40224.12468815976,25076.442242591158,22438.97455017356,17473.94381692459,29159.636680099182,9782.608876925215,9650.755029550939
42894.80620628739,28926.15692638172,38188.70553156618,20247.251006351642,28068.613696246328,44332.494835840385,29572.438608439228,8839.958798277876,20766.09465389153,32383.464919014354,3937.6365110790375,93300.76918631062,16006.08318317466,38235.429078231115,24232.091522663563,33677.76258200953,17076.558003623613,14688.946142992001,40144.337556578845,25056.147713974977,22374.297202290287,17464.41011289505,29082.274043184836,9589.66750311149,9602.212323113417
42829.64410016185,28582.694813954455,38178.48292994865,20247.251006351642,27994.97136421722,42515.28855325724,29397.179114764174,8814.945536493258,20673.960161401086,32379.6584842741,3937.280101349401,90096.3936136238,15893.610348853812,38233.6485408564,24232.091522663563,33637.50110432858,17009.017978389948,14663.311368510942,40071.28212471702,24968.951053741766,22323.52639463359,16797.895501453997,29003.01927166327,9572.705747443168,9514.228345712378
42626.10406887812,28539.484785730812,38100.56825382319,20234.48988344669,27941.856602422846,42457.09423240449,27980.261792840854,8795.309509227,19150.228724026725,32379.6584842741,3933.299190877166,85367.16637046202,15824.353887109472,38125.21435794482,23953.995913290477,32773.85656094072,17000.124694595263,14553.254299232822,36852.63573977078,24695.05804656233,22224.868844741613,16749.331799609212,28939.686998789286,9557.190520136195,9506.309770673555
42609.80072221165,28236.31666284327,38083.121610732276,20141.955683177264,27398.80973356277,41238.12997820763,27946.684897983283,8734.792983431416,18899.39631695704,32292.45492419921,3928.5019044454884,78335.57138646665,15635.743798795744,38116.7616554309,23832.12368406514,32552.27018285357,16797.07245326047,14461.624964360524,36618.82451817414,24571.791722060545,22168.39395970716,16697.001352982596,28878.960659157598,9172.069504603402,9491.64786405753
41943.12466672222,26628.07543339497,37565.28615010668,19920.12831204628,27303.193480108825,40942.35864766211,27830.94928151416,8728.137648038854,18899.39631695704,32256.728194117943,3925.9348638439255,76876.77402724794,15472.123566135668,38031.8147229675,23803.17995832676,32170.804462467328,16769.792650991832,14428.764895738796,36598.69073822848,23826.94250445867,22093.11689036274,16652.470647406943,28863.37084009251,8774.482072443152,9457.97004025043
41819.32934802203,26193.73193166871,37565.19648163324,19912.675686809558,27280.833778743272,40681.35381850385,27783.72291904074,8651.147509757207,18747.34731280965,32119.741158381068,3918.6999481975195,73788.77348444481,15466.650568130146,38007.26843398844,23803.17995832676,32020.654834240275,16642.013907436412,14353.831330303727,36449.56691766642,23763.299104566206,22013.826359533225,16643.974358428997,28772.357238911733,8734.639447388057,9437.794696715497
39808.28372671134,25931.17474663696,37550.06569832811,19881.758534029395,27169.687052701614,38581.97216652613,27638.147902984445,8606.11502044578,18718.966969000416,32055.721933833385,3917.5087071371595,73339.85040576462,15361.490049808748,38007.26843398844,23751.305576361698,31999.589637742396,16539.586439008264,14249.448664037973,33444.21270247278,23710.709203705963,21098.77844879616,16568.733128083324,28747.28267419685,8697.905469989444,9402.420176766784
39646.96953439543,25931.17474663696,37454.37389797687,19618.208915816216,27080.02669278963,37536.14189753542,26980.95129068866,8411.859717323357,18669.302453656746,32047.419744654406,3916.627525956305,70659.060783809,15361.490049808748,38007.21642275163,23639.889184800304,31365.418628913176,16539.586439008264,14197.470203292403,33352.48297303143,23679.19595439523,21000.096442159782,16540.64430119525,25199.65621611549,8673.131145654357,9389.41541410246
39646.96953439543,25869.51645258901,37436.49265934994,19606.655961292134,27044.073083950017,37121.12972364504,26689.54124587787,8351.87961952043,18641.742668290033,31762.31951284302,3905.9027695731425,68894.27345128143,15349.708317803706,37813.467535285665,23542.37398180085,31088.480339998707,16441.99266404347,14159.488011456671,33240.80218672627,23671.52379463045,20889.18047461541,16522.019895755908,24866.786625162014,8673.131145654357,9366.510776238463
39544.055004693306,25869.51645258901,37364.31712306333,19593.196937094275,27033.159152141776,30210.661703934846,26600.393750303425,8344.522714684981,18579.33288155209,31685.188474343708,3845.894800806062,66387.05963477379,15236.144348581613,37711.855004672696,23531.68390315611,30921.45237403705,16434.97378106562,14131.042397102065,33149.61760453686,23544.564865447363,20793.753452195204,16427.590095232765,24750.51929109965,8623.163170339703,9366.510776238463
39404.4838539496,25743.038175454712,37289.18148655487,19560.735434173657,26849.24772922667,28073.784703576806,26575.113089185874,8317.9774781179,18341.13766839421,31670.209960218075,3845.894800806062,66169.91755251496,15092.511908281838,37582.67905707207,23420.576393154275,30845.291601850695,16416.576976555476,13824.036528920435,32932.94279174479,23487.040575945655,20609.437641753517,16363.201585644161,24721.718409582343,8609.302225021454,9334.769158478299
37157.84956224479,25742.315837000973,37072.871010986244,19515.292756026785,26831.94965008838,27813.51515593899,23810.973236540354,8158.62444808555,18332.237012640875,31620.807547710963,3845.894800806062,63399.5777204802,15073.653788528336,37506.23376470021,23390.651968244667,30845.291601850695,16356.188742675062,13758.913282377196,32795.11070920807,23410.43338406401,20540.757459115077,16323.737405104946,24346.88845200926,8554.701210964595,9294.92690096027
36941.50866895644,25428.99991374414,36750.364095238925,19469.668226246384,26746.931609737654,27704.603969422496,23639.05424378181,8158.62444808555,18281.058019080334,31111.944560052176,3843.4775113518044,62640.11067307853,15063.73282948916,37506.23376470021,23337.11241363483,30733.598100559455,16292.887373815865,13713.527852405101,32285.537506785466,23395.29265709692,20519.424887551748,16266.3007474941,24226.62071225647,8535.232499024836,9171.104257981704
36794.50571149808,25370.69877677853,36596.58237886742,19427.9478958731,26667.207652808298,27397.874684709677,23610.0709820467,8070.367530952744,17234.339966848816,30725.26083679851,3831.207853372178,61884.09122961952,15044.54092866075,37314.605076845124,23331.412192234995,30729.675711866967,16292.887373815865,13681.215017414195,32064.64273954906,23365.332283731626,19258.623893014388,16192.96486950438,24160.785415560422,8535.232499024836,9168.200703261533
36729.1431179256,25291.72445627069,36594.86819488215,19414.468554416457,26555.787695941202,27062.73311024615,23534.723565513534,8070.367530952744,17141.13873478306,30553.639264652178,3822.4115337597445,55831.11531458853,14955.353540678985,37186.386648201464,23151.675803730257,30552.324026140377,16233.32851654586,13681.215017414195,32064.64273954906,23340.478410494026,19258.623893014388,16176.851664727361,24017.96089806946,8429.730833957521,9155.78222665199
36612.983428198764,25216.295131097602,36522.83144471329,19332.611166480987,26423.925984612833,26964.67271733183,23486.36292042222,8059.760226318432,17132.94151381276,30471.91221773691,3821.4141306051993,54374.9577977359,14891.477438828135,37182.21732116771,22762.96507879423,30526.616540032563,16216.520174809442,13362.627208082606,32017.02951969017,23287.453346437353,19194.517102382666,16153.220012425416,23986.322743310742,8413.084642501373,9134.875236633878
36404.29456628709,25095.9051580935,35963.75589795284,19218.186432065315,26138.571248421707,26312.727600507336,23448.464569041702,8023.562520524483,17042.57390381042,30449.33583257166,3821.4141306051993,54018.61962465691,14856.810839262711,37000.302168966824,22754.02934836295,30481.299981894226,16181.603616464748,13160.555977965207,31768.351509047745,23160.40766038273,19157.462083294522,15747.613162556025,23921.094906189173,8409.024060593256,9102.330443261246
36340.11209795125,25077.297224603,35850.624835259245,19200.58892355737,26129.451046654725,26070.223944764308,23423.03445091972,7978.149441587279,16924.97422026958,30244.634631329856,3818.8185479864956,53698.84309427924,14856.805609691235,35148.194204262705,22700.199127652504,30426.7107751833,16146.088447005202,12947.145467165385,31632.56248230132,23160.40766038273,19031.09578705134,15724.46617534327,23841.55856751441,8341.714181225227,9100.479434885301
36164.442013096384,24963.68919486142,35403.26705302521,19200.58892355737,26045.21226639581,25003.008657780618,23352.378441033434,7978.149441587279,16837.625163992918,30231.24705471884,3814.464870962379,53495.12524508764,14169.062561219886,33521.02395985213,22667.913779540908,29989.625431599197,16128.831972020276,12840.627434429502,31629.794990749095,23128.552843545007,19028.27305014,15718.877833471211,23841.55856751441,8312.084383644764,9095.729879172684
35942.80711224998,24842.419878149307,35313.970757819225,19175.419061693225,25883.549224309914,23833.53886476467,23263.03123167464,7973.810761721924,16825.776492636454,30118.006077955495,3802.3497014389977,53122.552184896434,14117.691512683788,33445.5085225183,22667.913779540908,29980.68727150957,16016.496072476828,12840.627434429502,31566.219699553265,22971.481917357763,18969.727756929162,15683.790366377512,23822.849186816537,8233.056411062369,9044.424744590147
35877.494382314806,24581.36659570318,35313.970757819225,19077.398000402587,25847.530258500712,23515.215509491663,23149.363740280955,7923.846599525586,16042.019664256188,30117.66636960442,3765.0094925217372,52264.51282205597,13992.565637681402,33033.50674061183,22633.456052664376,29925.304531137277,15970.862403436859,12707.935753454563,30296.778082925754,22971.481917357763,18942.948337513983,15683.790366377512,23769.47351924197,8229.246970794877,9040.084059793866
35877.494382314806,24570.070103508755,35305.69951144397,19059.18419635946,25616.09203776648,23508.315341887443,23145.10748504227,7890.626373236525,15939.355331591742,30110.14955316724,3764.5601217548906,48939.529520841184,13909.122371199926,32990.2921573815,22622.398790206134,29852.23264562126,15968.641587222017,12678.827509341412,29987.801639757818,22948.70968295296,18858.214822350637,15680.239323098256,23599.469115781492,8218.930485916842,9040.084059793866
35832.96847581945,24458.997975630693,35265.394868551084,19051.74466397115,25555.72019833554,23294.8176312996,23145.10748504227,7869.633821413425,15938.71828760813,30064.56306603941,3678.094696923584,48022.51119566924,13821.160940997126,32990.2921573815,22459.09250270373,29817.21594345077,15860.767305694315,12667.269890628004,29879.375305932466,22800.72028855139,18806.106920222428,15591.222474500511,23590.25547645934,8049.084231263624,9026.23970891113
35570.79780072636,24443.41281995451,35190.451461191726,18980.622551536737,25372.416439373017,23191.196622743086,22968.63622056857,7869.633821413425,15928.299656867694,29801.19811858877,3675.8694630747814,46981.510250620915,13770.865393934082,32913.62734491333,22366.206255565645,29753.0526760429,15772.81110819775,12666.005478971194,29788.08689338727,22788.14859825565,18061.96356024477,15537.972382136031,23504.06683942567,8049.084231263624,9015.811725121017
35275.326758799165,24402.495097283318,35156.34561696736,18872.470659626862,24978.76832535579,22307.949073120944,22902.609765276215,7730.659106478818,15897.504745403061,29752.63671991429,3663.7082524480743,46826.55202961208,13768.749569607378,32326.501160610795,22315.07839157203,29749.003945529235,15748.989686588673,12649.087948279364,28630.338497703135,22761.849130825616,18061.96356024477,15424.07306131774,23412.111955146822,8048.523887908923,9003.847332043439
35224.413462394274,24295.549032625953,35050.23406670693,18865.338845403006,24816.625554905608,22193.51027125729,22842.01533517444,7655.228960934069,15108.461212975522,29703.92560528257,3663.7082524480743,45319.572235278276,13449.193489412723,32326.501160610795,22115.797549348637,29510.038046404956,15677.101605864165,12446.847171832904,28588.671086109425,22691.452587891614,18034.946200264247,15313.39434528392,23409.76217306673,7910.489492673161,8806.558430637686
35167.169905220915,24051.713984119957,34949.17084990936,18598.509811656353,24766.58200554649,21972.195098739216,22604.688552528114,7652.622519886144,15105.580936227481,29699.799655843,3662.2848799245908,44427.38587172569,13398.082841285774,32166.177565680162,22069.831880437363,29414.429415621944,15597.606821964426,12365.875057897058,28536.979891971703,22689.035267050393,17950.76427157785,15260.721552756244,23086.066308303267,7899.901286452438,8804.524760618697
35118.574881532535,24042.990336939794,34949.029404799425,18533.613556507175,24590.372941069774,21554.225231608125,22462.500752639982,7599.013800486998,15060.222481764566,29629.704099534432,3657.507096138246,44021.998501117414,13354.322894019855,32160.04358690723,22030.17144378085,29247.26847870494,15557.11936874086,12281.686947331811,28405.81333724439,22625.39757906637,17844.672458636305,15260.721552756244,23078.6837463807,7880.722797213969,8765.713182138856
34864.077434127226,22844.54483813884,34907.65096251455,18472.542779148254,24590.372941069774,21554.225231608125,22390.72374040234,7566.394603248014,15004.694493244313,29567.93978100302,3657.507096138246,42612.31485522087,13239.758617359255,30082.42397759074,21986.199376556207,29147.49380816031,15557.11936874086,12244.690613677545,28121.092398745615,22505.047407351507,17814.465670553378,15259.455490330361,23073.707080331227,7849.542742640238,8752.406386896273
34797.121527693715,22674.09862168541,34903.01177916551,18450.055071829407,24486.235188466304,21411.14000344733,22386.866837726186,7543.829891228132,14819.592962062432,29540.685065348265,3640.1435434728796,39220.19325783407,11643.712280701486,30060.946573617723,21944.159393041795,29107.299172907005,15551.742346431096,12194.915995312775,28001.564705309378,22471.15143908612,17814.465670553378,15257.068899299109,23004.871658431402,7798.9458104831965,8734.027529431489
34773.988333858826,22608.52732169921,34691.88678330355,18405.335246544004,24469.465731300166,21376.628736060735,22265.371189498786,7539.298442168423,14752.051446724008,29498.386070261797,3640.1435434728796,39205.800417645005,11592.521880111904,30005.057350065243,21922.034085607364,29065.72905857493,15496.20974749841,12187.979027777626,27628.00443840368,22425.930690559213,17781.195680970246,15133.764669894856,22963.336727539274,7711.609834268829,8734.027529431489
34733.45145023152,22536.110127005693,34686.628950757564,18351.05451027523,24408.254166217197,21323.95379803866,22262.874388680866,7528.91134917302,14709.290951623696,29498.386070261797,3632.272575069613,39001.56771259253,11563.67259127826,29995.537365346754,21905.079877252312,28936.17948967791,15476.28721723465,12116.844137639704,27608.471273231982,22389.58207778352,17738.05635321333,15062.754632500742,22932.091053385484,7560.488228383496,8703.589374832227
34634.293707231795,22512.765349783887,34686.628950757564,18324.669423952,24324.829475884886,21150.06024607056,22262.874388680866,7440.992827861284,14653.671529352814,29461.802726457754,3623.7106178828717,38906.37127355822,11498.068801241152,29995.19985617026,21616.8305134999,28885.727653263235,15449.650295554678,11883.786933301482,27472.00579704887,22378.01455188613,17701.781625340613,14539.301734473387,22855.13921330376,7514.021248170072,8630.49674088955
33254.3701274503,21395.92105344399,34601.16362503437,18281.364092499927,24231.700802240048,20886.504167231946,22220.5160691465,7413.613084325352,14596.082907571466,29350.030134716173,3610.587373142791,38835.90581280585,11443.829292485412,29946.27892665549,21546.761270617128,28880.250921266495,15430.220202535456,11731.756591927728,27246.87420085018,22352.427009333966,17658.02894893044,14516.896610363387,22837.884920756955,7458.836866290821,8603.431129784252
33148.958390761545,21322.76239700176,34490.23292219455,18252.798751666654,24201.201759332092,20816.763609083166,22199.160976202536,7394.306511650664,14588.258383092521,29124.43242196687,3610.587373142791,38443.680461549884,11434.644067304373,29931.6142040403,21455.233981343965,28836.9356253721,15405.63699427852,11688.200444428467,26265.013091605033,22331.445451007552,17658.02894893044,14490.042590128916,22810.780354423896,7437.4244747118555,8601.201322803823
33107.71253623815,21099.88979570714,34401.300214577954,18252.798751666654,24040.571081218517,20573.28913347238,22097.815984671615,7279.061675188446,14560.500575973405,29118.872405456827,3608.181744805098,38443.680461549884,11408.11931740287,29931.6142040403,21444.145671053047,28656.97004746849,15397.262272867723,11557.434185393378,25974.206518132672,22236.424789287845,17101.42829041424,13800.986564227302,22726.827173974125,7419.113116066736,8585.488455603872
32999.85172829892,21091.49514251814,33459.96625312428,18175.419199521402,23998.538636550154,20445.59471610106,22091.837952477435,7255.723770460387,14520.952000417125,29058.63236258684,3603.4083139465884,38402.01586363071,11370.810959606297,29911.75094870422,21399.014807805193,28513.29055911605,15194.438377482325,11454.257014998526,25632.700438374894,22118.846771704608,17036.246156118174,13788.706656573126,22721.44342683527,7409.46673993132,8571.379358692982
32999.85172829892,21073.781207698656,33349.08833071428,18148.61287889679,23929.408885342276,20175.32434405119,22063.86904901125,7217.195495223707,14267.521950747865,28965.875557784537,3595.258554047754,37589.55454028071,11367.881573292458,29818.088011705368,21241.068914673633,28473.639065229174,15149.529355036662,11425.610057036603,25278.195224762596,21798.48129525649,16953.132479873915,13727.363576366832,22693.588273673624,7347.679283979587,8568.172465538535
32888.52467794037,20945.67550172883,33346.89190443192,18143.705257424102,23774.43398147204,20018.37493718211,21946.24601827372,7178.568060246019,14196.643329336042,28759.600443516036,3592.63695906454,37521.50070911594,11274.584776240048,29715.382043862723,21235.80389216565,28358.283829774857,15137.683551494385,11386.639366678677,25219.326004288167,21742.413889452153,16953.132479873915,13651.685965984394,22669.965495491975,7277.517369268076,8531.275065309648
32860.144478183545,20735.50494095625,33271.429846611005,18104.879115531377,23748.52936596053,19944.65368005597,21877.827537064255,7177.180847918455,14131.235983828536,28759.600443516036,3589.3043179145525,37116.52293564456,11270.758874115581,29715.382043862723,21204.61718812317,27580.36497622501,15118.670824450217,11336.850036685917,25025.350426061967,21330.289036030204,15975.306120136225,13589.166093631167,22621.023015413615,7277.517369268076,8528.39296323806
32808.488404506395,20639.77459792764,33271.429846611005,18094.739046636878,23687.055100225924,19929.302002892226,21816.461925240903,7167.88920865809,14131.235983828536,28596.322583062127,3582.98976161329,37081.284545197064,11066.822212571953,29629.84798626467,20864.628788182927,27580.36497622501,15077.115655714293,11298.42858310115,25025.350426061967,21222.8349919717,15956.651330917452,13562.236973870595,22527.439579266258,7252.325871725138,8527.632344045258
32706.425459359507,20592.009821722233,33183.0206165774,18015.506816065277,23687.055100225924,19785.991637571067,21792.666579556015,7144.360108302551,14113.725640885517,28576.69864147496,3579.819258839738,36365.83905535813,10995.95126616798,29629.84798626467,20837.471928666557,27465.099235862555,14971.936544227203,11224.71803631153,24867.932692334896,21201.82294203539,15906.999314049544,13508.461182747313,22481.742141531795,7252.325871725138,8512.392622943978
32397.270001341945,20449.75120321854,32974.1256951977,17989.837193141124,23687.055100225924,19536.76135393567,21744.94113240546,7138.437627562955,13081.734269977529,28480.453220928524,3578.4295877276745,36361.90996932524,10764.512658455913,29548.829305540683,20660.84807903298,27395.534942540344,14798.422538697752,11199.351357474778,24754.899814144366,21150.21590346507,15867.646010657296,13466.222566523415,22431.843887130213,7213.87049200803,8512.392622943978
32384.313738862766,20373.274040441884,32803.20976991538,17981.321306041325,23297.638507955453,19445.39873780573,21731.67395363608,7086.255541507553,12979.181461909015,28426.027855842476,3562.3787556984003,36318.812396881374,10739.820888959073,29352.645434854297,20606.55779468156,27368.305397047203,14751.837072361574,11173.239140850923,24611.03432143392,21095.269213533564,15748.213677622,13434.197947676112,21973.156961536697,7193.017620695024,8512.392622943978
32321.985145202794,20365.703874380517,32748.43103824699,17948.009439762074,23188.83481745955,19410.546005955766,21727.729512685466,7075.631084779459,12902.883315581219,28264.829206242368,3543.681588290938,36129.66803667825,10691.274205308124,29352.645434854297,20605.311137567795,27336.32277773334,14751.837072361574,10786.737131132875,24584.63289792696,21075.88099574002,15654.890238728862,13414.657930408954,21612.55226495631,7179.759252561724,8499.665310561422
32236.14293105563,20357.34385655938,32578.512212296348,17948.009439762074,22961.02684834277,19239.981268530522,21679.740086261554,6931.5848514602585,12868.114440639387,28186.44075991381,3540.631595906532,36062.616712593874,10683.152356722312,29242.176636319033,20563.36175073903,27102.286428151998,14751.837072361574,10641.803057527659,24066.034267742023,21009.516622609968,15233.211751895564,13393.480621395116,21517.87438053851,7123.3946568000265,8499.665310561422
32236.14293105563,20296.129615549664,32561.703859783946,17948.009439762074,22889.829410118677,19223.56183312132,21647.08371250532,6891.495216400541,12732.639509729093,28156.532195677486,3537.963814461479,35952.952815965444,10683.152356722312,29214.250518284985,20540.98929438255,27102.286428151998,14721.893239841276,10637.192403360525,23987.557691653947,21008.30787840119,15233.211751895564,13329.015780476455,21412.58751229493,7100.466433832644,8496.52065289875
32150.153320454563,20296.129615549664,32307.593723499904,17920.200148915894,22688.970659319442,18736.105740052877,21630.938194650294,6880.798855740461,12691.01020192888,28068.330894357357,3409.4018027105776,35097.9167669361,10661.280419147224,29213.784657727716,20098.26026978165,27075.008094420922,14662.739653418364,10629.511512785586,23970.991120891005,20954.49697078326,15173.779088554136,13325.96449381817,21299.13756057066,7092.753363928486,8432.754184782581
30839.216210768784,20218.1064820494,31481.312219206535,17912.9357461873,22625.883814957142,18578.981637694837,21610.15648456806,6870.281066974905,12674.080361234874,27998.2274863345,3381.4259633021334,34892.86766696279,10472.694194222366,29185.638744597087,20060.316197745593,26991.86969998225,14516.098089948035,10596.386707234613,23899.150576944692,20926.961221561665,15168.388111289198,13301.138057067903,21136.59333649243,7081.669727632098,8428.39321132622
30839.216210768784,20063.37903365897,31385.982973695238,17865.24559726964,22620.29427511125,18464.798122464123,21565.700549429996,6844.766092796377,12617.815363749512,27998.2274863345,3381.4259633021334,34474.889042930656,10407.222868750578,29185.638744597087,20009.568532872356,26908.44826140429,14385.577796231551,10596.386707234613,23635.832785765517,20876.184051287186,15132.88916093951,13198.722303674265,20915.318266906474,7055.397178667016,8418.8453215776
30669.04555179255,19615.536261710666,31198.61606895447,17847.979477925393,22593.934168163978,18225.789810081216,21517.38508428742,6834.2367528184095,12580.774621417408,27257.60311064515,3380.6867453703903,34319.173769087975,10344.789957768215,29185.638744597087,19980.53176705691,26885.23094699316,14346.540458162028,10577.411693238644,23601.52014370524,20760.931894764755,15104.061597419639,13020.978399583228,20915.318266906474,7055.397178667016,8403.554518988683
30594.662656157896,19453.950168658837,31135.87044646907,17847.979477925393,22363.50068065888,18225.789810081216,21343.762312197607,6834.2367528184095,12580.774621417408,27257.60311064515,3374.966944796544,34174.91997863595,10325.70610797749,29135.8411449553,19953.45254989671,26822.60449550984,14294.097411143142,10542.564388123476,23560.684592212703,20626.338207894558,14766.762229657472,12893.353227442203,20852.569537984524,7017.667424995556,8382.41895126663
30457.81486523412,19384.90788818115,30916.132260554983,17810.009554422148,22046.6423964953,18112.125726311475,21337.779484905514,6826.298591739496,12537.63228868696,24276.64641040983,3348.1283912870667,33825.65213721634,10323.711939541765,29052.285845683968,19903.39427192919,26742.245982674613,14115.263530333743,10482.280769515726,23429.690451297927,20626.338207894558,14761.83770874306,12851.37653038584,20823.00943101086,6993.918771486809,8312.498806999185
30390.21782589072,19264.73809511555,30776.368317304175,17797.75644298127,22034.241280799,18061.96781047964,21328.34825053716,6527.989157477294,12488.56618501892,24276.64641040983,3342.1760877447464,33825.65213721634,10306.469182545621,28800.896093051502,19902.430258416487,26182.96281191623,14103.768228833618,10449.947329889124,23428.453714971536,20626.338207894558,14754.873355691463,12808.161763500186,20814.644377690063,6993.918771486809,8307.27295612238
30292.570440676893,19264.73809511555,30697.661829173485,17512.67006878421,21480.346148740497,18024.40669856801,21205.39872449355,6521.026809941159,12382.168197291361,24276.64641040983,3342.1760877447464,33825.65213721634,10301.422117607157,28575.264162851738,19784.115206845272,25807.75289024903,14043.552971304987,10388.798139583227,23324.672641475012,20600.538532094768,14682.248343784435,12783.625964146366,20688.825022145185,6973.114656858392,8291.802265580976
30243.39730202079,19253.579655403464,30607.474526642625,17454.791400710954,21332.898314900027,17984.571874517977,21150.170845746743,6493.555287368589,12311.269613981844,23790.01312901641,3341.220603858618,33347.99134239925,10292.534305720812,28452.95609883325,19474.63062850421,25705.637356820618,14035.098878286495,10308.450221559411,23276.70409496278,20286.523648831626,14670.113464319285,12732.347956203908,20602.385268441834,6961.451002613401,8281.406463902409
30136.608854899605,19201.964384377767,30560.719362755888,17394.72940133224,21257.747013418186,17943.562700465343,21150.170845746743,6452.9997134368305,12146.004583077985,23634.895489383616,3327.479939841617,33112.48264412274,7593.347595184104,28438.218973460313,19474.63062850421,25577.657661699894,14020.358749373037,10247.651676435922,23238.373472351443,20225.57475544556,14535.84729159462,12687.206178132692,20602.385268441834,6961.451002613401,8273.282721747579
30098.063093731067,19161.955788290667,30560.719362755888,17363.061944403176,21144.5064146497,17839.744493464794,21088.987209152732,6433.618299912285,12050.677790953396,22952.40043055802,3326.48679377031,32910.538777302936,7591.380253142335,28174.7858939762,19304.865031188467,25576.305408291617,14010.216992184183,10183.86947365203,22989.938243842615,20176.996835228754,14384.635832717653,12640.998340542872,20531.53517497869,6961.451002613401,8273.282721747579
29564.81534409185,19132.79143996972,30559.867968767296,17334.869633166392,21108.38236768313,17692.21045905828,21082.320924467527,6423.509503131141,12041.80017095527,18864.62639775552,3322.0625676091,32825.34418596915,7583.551737679217,28158.74133801793,18320.05463578636,25531.59751491488,13934.421993501146,10154.286526079533,22964.842194684235,20169.86793638168,14379.503312487934,12604.382434483767,20278.02169004183,6947.8291094471015,8243.919904855193
29493.201256830012,19132.79143996972,30513.791738305626,17334.869633166392,21046.42024091731,17540.68283163924,21020.38471514995,6401.409574822327,11857.915139277096,18864.62639775552,3319.719594920917,32799.77699246559,7578.181562874818,27801.114132016755,17845.37365149588,25531.59751491488,13887.565687106522,10137.595350272242,22927.946797366738,20162.280861892035,14348.891363125858,12598.10520266468,20278.02169004183,6947.8291094471015,8229.849891873659
28432.31518751741,18721.810419319077,30492.038399988636,17286.7071979885,21024.243758246714,17519.384126721943,20981.09855866971,6401.409574822327,11770.822062604304,13717.538002811129,3319.719594920917,30004.558665804332,7563.26832169457,27770.486977687837,17772.695659235163,25516.28889207195,13871.2200827698,10112.564550860807,22862.228021806255,20022.890481465933,14329.775581353115,12555.408199670477,20260.191795180475,6940.966183649343,8222.190772211505
25919.614485721217,18654.834458619553,30413.09048448529,17278.66958027827,21010.96497272225,17437.443318308837,20947.96461508874,6399.379536244172,11719.532281127553,13717.538002811129,3319.476195040677,29907.085134725727,7557.585189645606,27760.023268999787,17549.916462405683,25372.714158808238,13840.02376804977,10094.117067700143,22777.337685438266,19979.793437849952,14275.085885047329,12514.356775943948,20178.665925296875,6922.69314560946,8192.87235903236
25852.21810550335,18633.42149598951,30377.943748729882,17184.506426212938,20964.051065757154,17129.23140655529,20862.68257055294,6385.573715364419,11693.961470494472,13717.538002811129,3313.3132898521167,29669.450133875904,7532.193683223419,27734.33070603134,17549.916462405683,25365.818640784793,13716.452444895478,9923.857083602321,22777.337685438266,19946.432604035203,14258.991857146604,12277.280797752872,20073.17656379852,6914.2909370719835,8192.352360755423
25782.129375708668,18289.104130596632,30246.069881758707,17180.172935992192,20956.348493220736,17036.435905017526,20860.595810961808,6383.169858109946,11686.000217059529,13717.538002811129,3313.3132898521167,29548.54252196088,7514.543666228952,27722.533668259086,17549.916462405683,25346.04656106672,13668.857683679635,9903.286967019596,22753.04138151382,19946.432604035203,14186.845771178625,12264.102475213109,19954.832736483513,6889.955043331497,8175.611556479915
25695.99651501428,18273.499170763982,30240.220444617396,17180.172935992192,20850.490540446703,17026.820149747415,20790.486943815144,6359.92804830893,11619.417996770213,9697.72052510295,3311.829547554196,29548.54252196088,7495.3447789283055,27621.547710093066,16321.351820262644,25285.22811961275,13613.793764230448,9873.680717327346,22692.606753898326,19866.795875534517,14186.845771178625,12264.102475213109,19954.832736483513,6877.559976089793,8157.58579224445
25596.23974894582,18249.36224326786,30240.220444617396,17143.545999623202,20811.063234398236,16999.09372131602,20790.486943815144,6358.757041124985,11529.109193654689,9695.85031439551,3309.2493176364906,29492.53375947317,7489.893120752978,27528.04963637004,16309.428705224782,25256.18699962477,13596.9322470447,9842.283011283762,22513.7139122203,19820.150094945864,14186.845771178625,12245.159106331172,19895.13711821282,6781.376132006548,8126.441938149106
25578.810356231243,17616.772256040465,30161.972012424547,17089.54955629094,20693.859547957596,16939.61810211619,20753.74900323183,6349.655286379893,11474.960160826718,9695.85031439551,3307.041699303417,29128.067348608263,7460.871932060228,27209.82188711532,16057.398626125178,25256.18699962477,13537.73458079028,9803.245375801333,22513.7139122203,19815.78708447992,14163.917769800686,12116.887649534625,19887.863906742685,6766.959374344968,8119.763902857452
25563.785697127256,17467.19277751302,29909.831235121306,17089.54955629094,20693.859547957596,16932.12625241132,20735.363366120633,6340.371074210938,11474.960160826718,9631.632922558456,3304.231454370129,29083.224112898984,7435.811494264011,26858.898084711607,16057.398626125178,25235.359995881972,13524.502842753027,9770.484037688722,22369.545439375022,19773.819654857914,14141.721064386109,12070.17721034574,19783.34944280743,6752.236076935576,8094.4584102127665
25496.94124388146,17081.231533509577,29810.10492536725,17062.422171941264,20669.292144228937,16894.994410925265,20556.78402455218,6312.229555247745,11465.023340087839,9631.632922558456,3296.771692847809,28949.24239417703,7432.053807827899,26804.809407430133,16057.398626125178,25153.09695412977,13475.448805295478,9466.344657953337,22283.070250065917,19711.23390002487,14141.721064386109,12070.17721034574,19742.37108558745,6713.184241627014,8045.138387452773
25470.591256005842,17081.231533509577,29310.602002257532,17059.583361826233,20647.24757742408,16886.224926033516,20534.658130121523,6286.980135714658,11456.282158132231,9631.632922558456,3296.0735495471017,28694.935830530434,7363.89766858519,26557.43755610941,16057.398626125178,25152.404753523882,13414.482031681617,9459.955458436485,22256.41599724654,19702.17579543598,14120.82186509617,12019.97867573127,19611.55143237534,6703.458456946855,8043.151457631312
25447.221548431597,16808.752671819624,27818.67845588825,17026.751196558067,20612.00465762573,16725.914477281465,20511.73279384588,6178.696616172407,11387.151473975646,9454.001103444783,3287.3175238789004,28317.154021811468,7363.89766858519,26473.87410472794,15993.145836392272,25026.1569428597,13360.869655159313,9388.620507504533,22235.07621299947,19700.445379218538,14108.76174308005,12006.398299374749,19590.50208047833,6642.008672020182,8020.3391994156245
25275.588550551383,16766.778878858782,27346.573638835413,17002.997948655968,20583.148414224357,16653.600948905423,20417.452995146155,6171.036833250856,11374.046987284804,9371.074049671106,3284.1474649272977,28309.34603895003,7308.343031802966,26442.03091887042,15993.145836392272,21676.055052579995,13360.869655159313,9369.147787919343,22226.066927627726,19613.083078872543,14085.510262500567,11950.4928715256,19558.037668876168,6614.705121876803,8015.055075629599
25016.002772776643,16765.97113122833,27346.573638835413,16990.60705673422,20412.574198752554,16653.600948905423,20407.964548428852,6163.680691603589,11356.039097393552,9371.074049671106,3284.1474649272977,28066.14351196364,7303.657001751084,26409.018948056022,15625.13454472343,21676.055052579995,13330.431753561803,9264.555346207366,22226.066927627726,19580.7284844622,14061.314261635845,11890.536131990066,19535.284680365003,6599.691376226092,7996.472506960325
24766.434661788728,16648.921491828965,27041.997062193994,16951.259378464227,20358.594610086508,16246.167110476863,20335.62975450198,6147.874897747592,10938.723230096028,9135.245694245716,3284.1474649272977,27765.480123924353,7228.649159515773,26300.59272224104,15514.170129084672,21575.594713243037,13308.707511352415,9240.999894545046,22139.365939993546,19580.7284844622,14053.041230499848,11771.527117197857,19488.37540935728,6561.663000037901,7959.948577232497
24725.03439217312,16592.4635481226,27028.765967532618,16946.233791171784,20288.267823523667,16200.185411958963,20335.62975450198,6075.279105328238,10936.688270973107,8979.381746166764,3282.838170715575,27720.256828458463,7227.123679103435,26300.59272224104,15491.035535555278,20791.9432685907,13083.48479287385,9159.920606761305,22114.23086784212,19452.195820534143,14025.703572093724,11771.527117197857,19488.37540935728,6551.259585396503,7900.800923722978
24623.701884679765,16571.091335556033,26825.029895717977,16927.26030385241,20288.267823523667,16190.128833580846,20325.77341193564,6075.279105328238,10860.995614088495,8979.381746166764,3279.334937050087,27604.27875076588,7125.069828495936,26300.59272224104,15478.81386602504,20791.9432685907,12812.940466030443,9136.2623714786,22032.71812755266,19441.067572627257,14025.703572093724,11699.017299784264,19459.280328046414,6534.436012030401,7888.520258261972
24612.445694019632,16527.10329342303,26757.64313443918,16914.670499229243,20265.544967436304,16165.35614749803,20172.319286644604,6025.268425538061,10813.015755091339,8933.037968554903,3270.3503429610682,27563.96288712859,7118.770424320492,25230.56817887197,15474.304978612683,20791.9432685907,12504.8925166334,9136.2623714786,21960.113582237736,19432.342490879237,14018.486385639288,11665.961320671962,19429.847425554864,6534.436012030401,7870.16444872712
24582.510793906604,16517.156974153295,26700.926269435135,16913.065227917148,20116.380971831895,16129.15841088743,20081.760960426247,6025.268425538061,10813.015755091339,8887.867207529696,3270.1754838106117,27549.944539847602,7107.344560006537,25230.56817887197,15467.9256133579,20789.292870032834,11492.875500482332,9099.971915119733,21888.97949925873,19368.309111789447,14002.358485814173,11645.346724278024,19412.581542865482,6533.315259977628,7867.0940692386075
24437.343986002405,16474.879303586044,26653.064069330754,16888.753349465194,20084.292386656864,16126.46442613093,20062.062115706038,5998.039023333553,10792.188341319496,8883.662260588482,3267.2958261543677,27513.387067778778,7045.667857239904,25230.56817887197,15414.2552449437,20789.292870032834,11463.333252078237,9076.035141793986,21708.48203625201,19329.024928304043,13950.21149265345,11616.18124676867,19392.13488398611,6482.177750060122,7862.2299351149895
24392.646335995316,16463.593387071312,26621.25538510375,16848.987789387083,20083.281216580075,15990.586334602218,20043.546500510995,5972.459713801213,10774.304647797986,8882.93772484113,3267.2958261543677,27413.128467882183,7038.4287632765845,23742.280453368785,15377.37646596493,20007.694916999702,11450.982778471036,9060.743837835722,21492.911532184702,19274.69542626958,13923.166949515336,11561.185959905491,19365.082843613887,6417.681664392566,7838.163491398892
24338.987571080565,16463.593387071312,25573.64707704568,16848.010850630286,20014.48929889936,15970.062753090007,20027.041952818126,5962.3354676655845,10747.479704131396,8863.415449120148,3261.5825178761156,26155.961620670343,7038.414528452614,23705.30081501023,15330.111793292035,20007.694916999702,11367.105720509335,9051.352023255064,21402.870308378377,19236.63232673358,13904.7419424055,11559.879535661403,19268.209034253345,6417.681664392566,7838.163491398892
21747.11541305845,16353.537498773048,25573.64707704568,16808.268310226857,19997.3220438444,15926.972027114287,20000.431727419727,5948.924083167401,10717.186083355788,8828.775774408514,3260.1518336515783,26119.9251351297,7015.439810603701,23667.483250778983,15304.890457876687,16706.750811418744,11367.105720509335,8911.243629660528,21237.78530958872,19226.02525382698,13887.406485980318,11559.371365532505,19219.11756776887,6414.918322765446,7829.250200425811
20889.83851937556,16331.345738678197,25050.89481307953,16750.0795449951,19964.454945920974,15887.272028210096,19987.244458787354,5937.325349712609,10674.475289443202,8823.573658996225,3248.434904787171,26059.408748567745,7011.905752528847,23582.21498910494,15249.285150039945,14869.224167992073,11358.71308428994,8885.325927927717,21140.108681794365,19165.3094918176,13820.438845486864,11466.828031136289,19219.11756776887,6409.205415468075,7804.696365960677
20553.57302578386,16318.285442713348,25050.89481307953,16707.916910900778,19959.689584706917,15859.415444791506,19987.244458787354,5924.075876242026,10620.119123573695,8778.371193736697,3247.422623027233,25491.22606617887,6851.018502470173,23403.93640953481,15249.285150039945,14619.249437860977,11079.044865328222,8324.750203832584,21140.108681794365,19154.46101884807,13818.089957609875,11436.224504455227,19123.059537126,6405.6097133593885,7771.392050769987
20553.57302578386,16318.285442713348,23576.026620961533,16686.519817047083,19931.040668076523,15843.174237778996,19958.161933259595,5915.541151573211,10591.785583089439,8760.901261052168,3243.4514051647816,25110.886165259333,6832.830870136508,23279.160232846632,15245.158411633152,14397.553909722705,11079.044865328222,8324.750203832584,21119.720897194737,19146.05479558102,13745.876638927512,11388.380212590851,19105.635068365358,6376.246909583841,7771.392050769987
20454.712779282025,16264.994806599283,23576.026620961533,16662.95499531913,19841.66965748144,15819.28827309089,19933.295798772648,5886.097657967028,10588.674587770276,8550.980176350653,3243.4514051647816,25011.015331552626,6828.582578562229,23262.525884557806,15237.814373661247,12956.430444096703,10990.08558981137,8324.750203832584,21076.466635684083,19125.277361169035,13708.784892331929,11367.934797993872,19104.530707076006,6367.465482483683,7764.748750017073
20376.96866994571,16151.462873657187,23576.026620961533,16642.17435380786,19792.114035419312,15772.983634419925,19747.091866914267,5876.693717206872,10547.240963937911,7532.786449731015,3232.1808224854576,24987.473465390292,6803.937144287274,23262.525884557806,15213.12341256816,12491.555111341146,10990.08558981137,8239.024319541695,21074.94993230639,19099.256435485277,13635.830055182772,11302.255445572398,19092.086995511116,6337.305645082048,7742.053173064068
20376.96866994571,16090.634431694882,23149.002455383044,16617.241421509643,19792.114035419312,14919.026885973235,19684.068022634823,5874.908888154338,10142.150109556474,7532.786449731015,3230.622613185156,24897.92859648949,6802.829867199588,23216.593221122992,15169.725746338074,12313.755139241626,10969.20900648828,8161.836117889076,20703.40224954446,19067.296029203593,13487.820412829124,11287.134429828184,19054.090388496206,6322.846301325662,7710.539825615148
20328.54554056108,16031.625963739134,23149.002455383044,16617.241421509643,19709.006755233208,14919.026885973235,19612.405192852868,5826.479671788283,10116.667501178108,7423.915741838591,3224.584733447271,24840.591247422308,6793.90771583974,23214.04365075715,15168.41387285506,12303.80626828183,10969.20900648828,8088.847842189801,20612.40278408164,19067.296029203593,13487.820412829124,11258.080855802375,18993.936653175042,6314.232361834871,7693.7677649229545
20312.843872077287,16030.326344234993,22947.596820453207,16514.740583921488,19708.377387010994,14914.274272842926,19587.1961665082,5826.479671788283,10053.44943030296,4148.452352555832,3217.798256544964,24784.765656660038,6348.286353876652,23182.49675638456,15117.431160810636,12210.499901203593,9663.311457885733,7887.878248618356,20338.988815929173,19040.713944910618,13487.820412829124,11229.190709284521,18985.48659206796,6314.232361834871,7677.27948509806
20278.902044863113,15939.799838182274,22947.596820453207,16491.526924952224,19666.548255441427,14885.844452166739,19536.67531237137,5778.865717061918,10024.404160706534,4148.452352555832,3217.798256544964,24784.765656660038,6308.892079869025,23182.49675638456,15117.431160810636,12195.27877616613,9663.311457885733,7842.030783108874,20267.982140220265,18716.225640062145,13430.728838302186,11129.881100052236,18926.85797429252,6275.815299350361,7673.079303396413
20204.10661386802,15873.668791679813,22802.062529782877,16478.56183202824,19615.254966276098,14678.205187733529,19524.499025886013,5777.539542008473,10018.693153212043,4148.452352555832,3216.8603303800455,24654.155743875584,6233.283463879795,23182.49675638456,15109.818152214211,12186.140292195807,9663.311457885733,7747.178948299872,20135.001667391833,18637.131249937644,13404.887917344002,11127.278063750742,18926.85797429252,6271.529004084651,7643.9564246216405
20181.751362067593,15820.325585202023,22730.372579463237,16469.038295319082,19611.079704038046,14627.916576934922,19466.627966658503,5742.120441759993,9999.132037918702,4148.452352555832,3213.937935687239,24636.098745559608,6226.65638913359,23182.49675638456,15109.818152214211,11934.328473321779,9630.902358471702,7742.693862664913,20089.840349575064,18607.38033991835,13372.574461176286,11113.58793636921,18900.520140348137,6271.2145898754625,7608.56999786759
19561.811314886443,15797.126052036143,22664.725307162378,16460.141536203882,19439.038900013955,14620.283446681178,19445.38112139733,5736.27327193436,9970.822491058152,4148.452352555832,3212.064858601958,24596.864532983047,6211.959510932054,23129.009349693213,15100.966879910018,11633.442097626315,9558.115568932808,7726.196110521687,20019.72805188169,18562.414346539896,13296.983975955722,11113.58793636921,18836.37905330947,6271.2145898754625,7593.765206864542
19511.975002808053,15772.1117655761,22645.02909222356,16435.81227033896,19424.523156018517,14614.006832425932,19440.238400358998,5716.773610675482,9968.665453165337,4148.452352555832,3203.4205559729735,24525.527751361165,6211.959510932054,23025.261557833328,15063.077042310295,11626.513757183562,9533.968458800322,7708.936565781815,19994.26188407268,18562.414346539896,13296.983975955722,11106.196114302915,18836.37905330947,6249.997733202932,7571.432217859401
19444.680744491045,15693.675168579688,22298.663187000468,16405.107118079963,19374.58302581292,14562.095652792235,19393.46092719,5683.1984247768505,9968.665453165337,4148.452352555832,3203.4205559729735,24484.825857572345,6178.84561892981,22990.15809534022,15036.781538201025,11591.722471555375,9505.529925844632,7705.319203972258,19973.00038375188,18516.588414543403,13243.698342818998,11049.263867431118,18751.22398820488,6249.997733202932,7563.921255365404
19402.706237849696,15343.984982439268,22187.944718512572,16325.467549748675,19249.467375818032,14486.405048485029,19392.81655544496,5668.138586306361,9930.153816233022,3927.977502900308,3193.8224026838366,24477.866256496283,6174.2206682183805,22870.41236946684,15001.204431821707,11551.26660455917,9505.529925844632,7671.920277412115,19005.57636991279,18500.622849877574,13214.559942476095,11049.263867431118,18743.961559327163,6249.997733202932,7554.490227826072
19391.365028093078,15309.884060282018,22187.944718512572,16309.211773571918,19090.96729482209,14466.905847076661,19262.135397163052,5656.461281012408,9906.37431732736,3927.977502900308,3186.1781624995224,24345.67137866613,6172.707275371822,22793.732919895185,13945.385143480613,11538.323232408922,9448.611055384643,7666.770527255199,18888.21338251903,18411.39529669367,13214.559942476095,11035.714956030419,18736.204453817852,6234.055040002688,7551.441512795009
19364.094503709242,15288.004514491251,22114.867305358566,16287.582295459692,19090.96729482209,14447.04381867161,19262.135397163052,5651.276953789136,9874.215340329896,3927.977502900308,3181.2408845262394,24301.019143972328,6152.440110247264,22793.732919895185,12666.444750561048,11519.545986181272,9448.611055384643,7628.286873411807,18796.587108078333,18387.93140007114,13167.247119828953,11023.479164503631,18717.686690040322,6234.055040002688,7550.889389060152
19300.42747039685,15261.82694864642,22095.321769261333,16283.20612429576,19030.912868867435,14447.04381867161,19175.854384976854,5639.702546395362,9855.860943952262,3913.0385351809846,3181.2408845262394,24255.109651682127,6146.006662758444,22692.528495036728,12564.64420324112,11512.914490752735,9367.146477981429,7628.286873411807,18796.587108078333,18343.758832965832,13154.323461427139,10992.870602753545,18633.814096302944,6219.858331003683,7425.092453125181
19297.91358647864,15257.740216957538,21815.00004405201,16154.536962039105,19030.132948820472,14447.04381867161,19160.898915451235,5629.662168074674,9789.625071560758,3913.0385351809846,3178.0031269623237,24221.28067587487,6066.32501996415,22692.528495036728,12465.452896789186,11500.98991322998,9293.511815437887,7622.796693420753,18756.728205856096,18325.686422082425,13142.13938222064,10992.870602753545,18615.127836775875,6212.022609460362,7417.683764959057
19221.83689251881,15087.773361056761,21527.807759018273,16094.086367665543,18954.977203333838,14430.164787535085,19007.37732188311,5626.6450812783105,9748.016847864306,3909.5528302128146,3161.22740032753,23661.07397243265,6046.909684534678,22629.793374339162,12374.816158702488,11386.059772221368,9101.943134571706,7590.204415473067,18704.115894985618,18325.686422082425,13086.612731869172,10977.40764187257,18580.076606428294,6212.022609460362,7415.0321845172175
19201.894717552375,15081.40511875673,21517.751697002943,16053.549813091831,18804.8583328088,14352.765559531443,18960.07911311413,5601.7394921944015,9723.099264776793,3909.5528302128146,3146.5107923961264,23519.864218139406,6037.216353334186,22629.793374339162,12363.329141307444,11332.555048394555,9026.811336671095,7578.652170184114,18682.380498984778,18290.060088504357,13074.267145535834,10952.439237910567,18520.298458884066,6212.022609460362,7401.840847564794
18436.084731242114,14658.107232830398,21489.258842740288,15588.216466649666,18728.53306269565,14271.742004565856,18939.926654752097,5579.909346320508,9706.148483405512,3909.5528302128146,3143.93625229236,22565.791045853224,6016.940093329072,22614.40520865842,12363.329141307444,11323.957066778918,9023.43083653033,7541.066465592041,18682.380498984778,18276.24013161664,13050.256686595636,10847.477671980081,18517.387915066305,6207.7903434488435,7393.010806312239
18350.722092156204,14658.107232830398,21455.399076287147,15588.216466649666,18717.035555994433,14231.372934092735,18878.834246973784,5578.306413680106,9680.930172218505,3909.5528302128146,3129.632391253075,22408.204392368785,6016.094410740332,20972.359906781276,12336.104049010855,11311.964988985974,8995.713078506247,7520.917514876903,18671.966978241868,18262.611497675585,13038.515000047222,10831.917886556921,18474.113010679324,6193.694083014617,7385.673271022117
18077.302472387768,14259.65514390593,21428.68401200365,15588.216466649666,18672.680609356037,14231.372934092735,18810.021301476154,5555.933661015249,9647.049591572231,3909.5528302128146,3129.4822768269905,22408.204392368785,6011.917245700128,20972.359906781276,11910.375097935885,11282.929531777212,8995.713078506247,7503.251755467438,18668.20463528205,18194.651239169318,13038.515000047222,10831.917886556921,18474.113010679324,6191.590900176167,7385.673271022117
18045.62607030377,14232.663838383305,21281.576796780897,15294.944818640557,18672.680609356037,14193.556693775256,18794.12284795812,5553.8897213660675,9635.090587542294,3909.5528302128146,3122.756208815212,22331.88989985819,6010.744802623969,20972.359906781276,11865.560136540473,11233.58335927417,8995.713078506247,7499.8511412829275,18621.93389115679,18139.55921632436,13037.161301134696,10804.886149576272,18467.553193328957,6191.590900176167,7384.242409929816
17980.0804594336,14208.869994759207,21272.098018483783,15282.572107464792,18609.3727211672,14185.810388183036,18731.681868879263,5547.223288637827,9617.290892597017,3896.4326871450053,3122.521529031144,22316.340427957668,6010.241401335277,20972.359906781276,11772.692924921994,11199.719113041934,8990.516973615991,7499.8511412829275,18606.73204535507,18121.801990531527,13037.161301134696,10791.044266597288,18459.94920101913,6154.07399078552,6662.801482338535
17691.692669550557,14145.840129705211,21270.909846107872,15221.19917423827,18604.466855529172,14173.40415394736,18719.873030006747,5462.456301641892,9609.07900074118,3896.4326871450053,3117.9327043987632,22277.361641132018,5999.3730963143025,20902.286159771804,11754.206227171395,11176.006884932913,8990.516973615991,7482.770262993556,18549.16130858631,18115.55255455282,12956.5143045718,10771.089931727902,18455.012822748835,6140.436362100414,6662.801482338535
17648.41266423773,14104.111002354515,21270.909846107872,15183.575417874476,18574.988206561564,14166.231938608507,18639.473554869204,5397.966031547492,9566.735498471855,3896.4326871450053,3117.9327043987632,22253.857411459383,5922.90676491681,20902.286159771804,11548.196858402815,8908.253245064385,8990.516973615991,7482.770262993556,18530.076194692112,18109.229031719922,12945.102563858647,10767.11775512619,18445.916078365877,6128.594148051932,6662.801482338535
17611.70329226333,14080.705198620708,21184.719950210976,15126.01063659801,18572.292009024834,13964.31711286381,18616.081048292013,5382.433048608427,9547.777284951298,3893.320597496218,3117.6905788320973,22201.88803826774,5896.243509295131,20863.793817151476,11548.196858402815,8888.06914351349,8960.003926583162,7472.462516224412,18497.815006729055,18096.335946520056,12945.102563858647,10723.921522409628,18442.57020352058,6081.282859397924,6629.55684143724
17585.6258917428,14020.71039160748,21184.719950210976,15113.291040869715,18537.18415716236,13764.351659011494,18562.278128460086,5347.380899896636,9545.869047664806,3872.87943413845,3116.3071094363127,22144.079825612684,5892.18526258999,20863.793817151476,11548.196858402815,8885.618090428588,8901.274111564931,7385.3380335069905,18472.5313514633,18081.20069152046,12920.676636382464,10723.921522409628,18427.320369932102,5996.561454685461,6613.835901326018
17573.178778188696,14003.05594615102,21111.024030716897,15090.90694048391,18537.18415716236,13764.351659011494,18559.75058888752,5344.840733197712,9545.869047664806,3869.4582222547897,3108.0212529578544,22103.959159286595,5865.963794343621,20817.378622864577,8767.064021483417,8809.039831408556,8846.894244995496,7385.3380335069905,18422.63900405403,18062.795944954727,12920.676636382464,10714.730451977193,18399.352776677166,5990.296604759598,6596.439750291136
17535.939966294452,13983.049875427025,21059.47911442998,15076.564683114144,18521.51134278575,13710.945358840978,18540.602177261368,5341.136106192465,9530.74371738904,3849.2644644017255,3108.0212529578544,22063.87302980201,5864.616018931939,20701.442381177065,8767.064021483417,8788.958539636034,8827.088883920402,7385.3380335069905,18333.896081021503,17996.71620137554,12887.484329706242,10705.609352305619,18356.105905581655,5986.485070980178,6556.073001383578
17535.939966294452,13970.932955828745,21059.47911442998,15054.469454551769,18491.55712874058,13694.176649119716,18509.911959409965,5311.984515817381,9216.010773940076,3849.2644644017255,3105.0874233971053,22042.319091408335,5836.79848593951,20589.644471628388,7281.486654842887,8788.799197669521,8827.088883920402,7378.009009551916,18323.986544224375,16715.622424527402,12880.243782684678,10653.190308542165,18338.664694997507,5975.867560051406,6546.486901036094
17494.722740533078,13801.354627638622,20985.280756326836,14974.825381825929,18457.0087478215,13694.009204339158,18509.041387158664,5308.975745317237,9158.727237356095,3849.2644644017255,3102.191084765596,22019.776908037864,5814.023269921292,20589.644471628388,7257.039745666947,8768.566339012801,8802.958391578399,7346.2366296452,18299.272267683238,16425.22762959411,12845.167574038405,10601.482227636072,18338.664694997507,5973.069546183719,6546.486901036094
17448.343853325467,13794.134615080886,20869.5998228589,14959.347393687232,18427.591861939356,13682.722616316014,18480.65161789799,5305.666183642826,9115.272922042273,3849.2644644017255,3102.191084765596,21970.553682274553,5811.431501840002,20471.885552774787,7257.039745666947,8746.245155762463,8800.773226647307,7159.298041813758,18284.722546187473,16216.847999205202,12845.167574038405,10601.482227636072,18307.693870747004,5916.338443632007,6520.031350950208
17411.68934684658,13792.406752698265,20850.23534880526,14927.094084723227,18416.61793949153,13671.597836713716,18458.784447580783,5302.656431091903,9014.151299818092,3843.5220574170685,3097.1784284561845,21910.94703960888,5789.344173218231,20471.885552774787,7257.039745666947,8746.245155762463,8789.46423957845,7146.642053018199,18248.630345229354,15881.836239564687,12824.890806589441,10576.659064530637,18258.091178829152,5913.989277934892,6509.698998952467
17304.568851146723,13784.921579427353,20843.71832856914,12839.549496299878,18412.969548895257,13636.289154246637,18426.706870544185,5254.80000111695,9013.313136685378,3831.708532925877,3094.101820861603,21871.061042057063,5772.290351823076,20441.809273702776,7257.039745666947,8723.408750675038,8777.845287293274,7128.465035478333,18240.95384958886,15862.831428792038,12817.553833456659,10567.990594525605,18250.557275931493,5906.737881174056,6479.575119596222
17304.324029861033,13770.462524781702,20823.28578872731,12839.549496299878,18390.05261497388,13607.350313474388,18410.795293067375,5254.80000111695,8957.22191051444,3831.708532925877,3087.555971971622,21738.062777005944,5763.006172099541,20441.809273702776,7257.039745666947,8683.173524601449,8777.845287293274,7128.465035478333,18213.145376951616,15862.831428792038,12817.553833456659,10563.535235520663,18234.49074607674,5876.783090133997,6478.617057008423
17257.248986198007,13770.462524781702,20786.80532688569,12839.549496299878,18192.480629919883,13421.390551054736,18409.348893868344,5249.771429862876,8944.138340709478,3826.5568184815797,3087.555971971622,21195.328937156057,5725.722623777419,20389.358622602296,7257.039745666947,8664.698471992302,8777.845287293274,7122.081973734632,18200.71918542579,15862.831428792038,12806.62952885051,10563.535235520663,18228.608127880478,5876.783090133997,6471.953535348017
17250.860694179497,13746.165988862318,20758.34481994392,12839.549496299878,18184.473153509178,13340.710858528597,18401.920622675814,5049.239782616611,8648.699730863542,3826.5568184815797,3079.9117228341015,21145.859620299747,5725.722623777419,20317.9817584048,7257.039745666947,8664.698471992302,8679.90121530484,7122.081973734632,18188.968986545075,15862.831428792038,12801.288848206063,10545.379056719645,18228.608127880478,5863.587043329788,6462.422147190247
17250.860694179497,13710.188788617208,20730.91897138382,12839.549496299878,18179.93334989327,13286.16207788705,18378.512205322884,4802.316896726376,8564.948621837051,3822.8282119805203,3079.123937966083,21093.79575805692,5725.722623777419,20069.739663931538,7257.039745666947,8437.035515705084,8679.90121530484,7113.607410827513,18174.56980813419,15846.88133442304,12801.288848206063,10520.855149385778,18213.180694068902,5862.973960629466,6462.014585875325
17208.134075690454,13695.995850567891,20730.91897138382,12550.722490413209,18146.29238254441,13269.537848196907,18372.1936544792,4720.341562744277,8546.416647805469,3822.8282119805203,3079.123937966083,21047.854669069835,5700.204911290593,20039.141513182632,6933.144047144501,8419.056468882327,8672.222664669076,7092.2431576803665,18164.468330839394,15832.136005336957,12795.942628386045,10517.529722006391,18208.546204492995,5840.630819316961,6446.852993179077
17142.266003162764,13695.995850567891,20721.122414603647,11670.514688010288,17902.070435784888,13187.992874465855,18363.5730749281,4720.341562744277,8529.072184301884,3822.8282119805203,3078.4935874596495,21044.209598722988,5664.723995795401,19949.063472417547,6766.969303793462,8402.723828769153,8671.128067963486,7080.039013453057,18135.325515969693,15832.136005336957,12795.942628386045,10514.95331249942,18206.300671461107,5836.062454730398,6444.242038177732
17131.871770246806,13678.3184174216,20718.92732583661,11384.884079978692,17894.37458619989,13153.538864001748,18190.50934102774,4646.057034063822,8529.072184301884,3810.2256815764586,3078.4935874596495,20902.74473582014,5619.753359691312,19949.063472417547,6766.969303793462,8391.681435782124,8671.128067963486,7080.039013453057,18075.317523063553,15784.769518916033,12793.74936436203,10507.279139907187,18194.521872166137,5828.454750560877,6430.307135134095
17078.972112065043,13657.15111011693,20711.904290865197,11301.10818019759,17869.115342591882,13138.358010646269,18190.50934102774,4544.119642816361,8502.316369415126,3800.2729954686174,3078.4935874596495,20901.118858407026,5614.488339365571,19949.063472417547,6716.956853120536,8373.139176018174,8659.523878386386,7070.2207062190355,18032.453743814687,15784.769518916033,12751.989735755584,10484.818759480939,18119.96752817412,5826.138420368958,6425.792856275157
17069.071057527508,13657.15111011693,20707.80936925069,11297.06456133596,17849.922391260734,13128.698343054755,18152.18795576399,4544.119642816361,8434.92032389666,3800.2729954686174,3056.320456090798,20811.419266361598,5606.801060871137,19846.264551355594,6716.956853120536,8359.462842212479,8659.523878386386,7025.240862279972,18027.906360150948,15756.880573732287,12720.613946533093,10400.177442213157,18103.039966905766,5826.138420368958,6360.842213653087
17013.96206361051,13649.363459076823,20686.29302820448,11290.426309380662,17701.866060493427,13087.258088178358,18138.33982007013,4543.120933694645,8407.562843410604,3800.2729954686174,3050.099844162905,20811.419266361598,5568.095194043439,19846.264551355594,6698.939342532518,8355.26020846664,8634.345137908635,6982.254749929612,17992.625434742193,15720.967194675159,12720.613946533093,10380.05870137095,18102.82226175667,5812.769273005084,6336.17657431959
16990.78063581054,13613.503283107504,20647.371342950755,11290.426309380662,17673.01737030419,13068.84970908747,18137.669568723304,4535.354118426946,8399.647447560645,3792.259900254368,3044.9460745234665,20773.41625484457,5565.470419673424,19846.264551355594,6650.800977331923,8350.678117449126,8614.297236734212,6982.254749929612,17963.6512735321,15683.934468543595,12718.842748437157,10355.154039930338,18078.929043126267,5787.737893494967,6333.47424955739
16958.10689811634,13613.503283107504,20647.371342950755,10446.415731769594,17673.01737030419,13066.068340766036,18109.11701418586,4535.354118426946,8324.466636674064,3774.351140845205,3044.9460745234665,20771.20860515315,5559.569626044273,19818.640033555523,6545.56467449209,8329.436255471695,8568.909249051874,6968.184040257471,17955.916759065913,15682.187029844632,12709.14421637098,10351.27468259685,18067.81670836725,5764.249602172693,6295.024230473582
16941.15019650419,13608.40470156625,20616.842653196196,10446.415731769594,17658.375526102307,13043.03495318603,18109.11701418586,4535.315775892941,8321.884501781009,3774.351140845205,3040.773815584119,20571.245590508035,5548.6954909551605,19776.827868653752,6545.56467449209,8329.436255471695,8519.676332962152,6959.900180729492,17867.59371291812,15668.768721835986,12629.452179144198,10351.27468259685,18065.552956592244,5764.249602172693,5408.72714388808
16930.567574314326,13592.904959080213,20582.55395445268,10446.415731769594,17628.420832511085,13038.95936713424,17579.083822486315,4502.961393381896,8230.515662467742,3770.255806987816,3040.773815584119,20551.75451672176,5540.676966161855,19744.687462102152,6527.893886392849,8298.451627510396,8492.443188619945,6936.515218599488,17816.293370832496,15627.69608916861,12626.09564864124,10351.27468259685,18052.701710619087,5752.199466245202,5408.72714388808
16930.567574314326,13583.67511146447,20553.62723497196,10240.536507932131,17627.342068262064,12966.158143171324,17364.491081098404,4501.228999341196,8192.457690890027,3770.255806987816,3040.773815584119,20461.32192656266,5519.03735150548,19744.687462102152,6260.009192117455,8298.451627510396,8492.443188619945,6936.515218599488,17724.6538130596,15617.362621211436,12625.557991573743,10294.554842860876,18039.71845815761,5731.840071022596,5323.714844805103
16930.46162961828,13572.511589482356,20525.986805795706,10240.536507932131,17612.6706774796,12936.036544749972,17364.491081098404,4460.0984978855595,8191.733757778637,3767.309723366164,3040.773815584119,20421.384079593437,5512.348765472039,19662.14648542252,6260.009192117455,8286.64268671515,8460.306593987232,6930.86432829844,17719.033217947755,15571.363523589684,12603.665934691606,10294.554842860876,18023.337400694392,5643.7554789859105,5220.3707616384
16907.29068340645,13570.73354461441,20480.762296495413,10055.591924314258,17612.6706774796,12932.980836752591,17335.30397973846,4456.86358204756,8146.256950799634,3754.632716070459,3040.773815584119,20420.393401356272,5507.022369084871,19660.922889776954,6260.009192117455,8215.522884784648,8440.579909525963,6918.395116249728,17700.655075748204,15571.363523589684,12603.665934691606,10255.003726828234,17947.221548927224,5618.725197589026,4929.479122931944
16907.29068340645,13560.884871467963,20467.49744368846,9984.95421956617,17386.04739569223,12880.559817976442,17335.30397973846,4456.86358204756,8116.1176033837855,3751.5197983895982,3035.025452910945,20411.834906333443,5504.462646594675,19653.52115596095,6228.423151719857,8200.867507057626,7314.5926599793465,6912.675380987115,17691.505437928645,15551.613510209465,12596.482193255808,10236.01434722772,17924.51736061075,5609.421023486286,4929.479122931944
16905.03202354414,13540.186761507566,20455.318999942265,9961.377760220617,17331.81916995475,12661.51515510457,16608.401932909368,4452.205565438814,8103.813046572339,3750.813941669261,3033.632755823218,20372.648415118707,5486.128486061491,19601.989301546335,6148.844015623254,8200.867507057626,7074.836130095235,6905.032854933594,17691.505437928645,15539.38265482906,12596.482193255808,10236.01434722772,17890.14757549078,5609.421023486286,4904.210093729944
16854.820002800465,13538.802451422438,20455.318999942265,9961.377760220617,17048.806743330722,12654.651643037705,16493.29538011289,4451.681320155697,8092.86826472946,3739.9754109966457,3031.81789122962,20370.9538585242,5465.778319864285,19460.288603622746,6054.975793582006,8185.652491681494,7052.669489118501,6889.669255960984,17679.891845073646,15520.362648739238,12576.861137357817,10228.065303963565,17881.772981196606,5600.992200719775,4866.415076330979
16852.061327580945,13487.962348924846,20443.363376921607,9934.591866153683,16843.006834848064,12643.09681588218,16493.29538011289,4448.061799137505,8084.857051108906,3739.9754109966457,3031.81789122962,20254.24652573518,5465.778319864285,19460.288603622746,5939.203726193318,7516.891219208583,7052.669489118501,6885.747576928388,17633.06468014157,15520.362648739238,12576.861137357817,10220.445043214895,17869.626921871582,5600.992200719775,4857.9774966035275
16799.19050857962,13487.962348924846,20415.593296072806,9920.167615687405,16843.006834848064,12634.999817198932,16493.29538011289,4437.311360662242,8072.026694863157,3739.0512418637118,3031.81789122962,20165.781812189965,5465.778319864285,19441.064776289542,5912.405176370376,7473.321907558488,7052.669489118501,6885.747576928388,17612.70659004207,15479.704949340377,12571.81438979156,10220.445043214895,17758.40177280286,5576.701062520438,4848.142850564391
16799.19050857962,13481.025835463075,20415.593296072806,9832.41164275642,16837.457125600427,12445.697315699168,16457.15522442967,4436.947648269775,8072.026694863157,3739.005033812494,3025.216469793307,19360.52544020943,5457.053365231617,19434.580311446174,5867.257124358886,7471.482311395986,7045.876626278803,6868.257414144278,17577.439564918343,15459.1845405059,12559.432291849691,10199.092740859072,17748.269003715643,5576.512774743205,4846.837013737176
16755.097189610202,13470.150172559008,20411.110272444006,9438.907016402136,16825.65953604228,12422.39089893591,16434.32928864142,4433.443928111623,8066.002985642586,3738.752292147671,3025.216469793307,19314.46783307125,5407.452879090145,19411.092376884404,5834.848368678096,7415.671372178383,6989.482173656486,6851.926541100462,17565.01041121452,15459.1845405059,12495.788577678615,10199.003563278357,17748.269003715643,5569.2752503284155,4838.207102006689
16754.107441186068,13369.578018866121,20367.98406546211,9438.907016402136,16820.847161736423,12374.610930522254,16402.348642199046,4414.820319955041,8060.93986611796,3738.752292147671,3020.732106736368,19314.46783307125,5404.0898739653785,19272.299877610996,5751.962344478963,7334.188138744281,6989.482173656486,6842.643156997348,17531.512654935126,15459.1845405059,12489.151927664447,10176.23418940845,17687.19668516997,5556.511129954505,4838.207102006689
16707.29255791065,13341.53159475775,20356.718467903367,9438.907016402136,16808.122189052774,12369.655777653474,16163.153788579599,4411.268801687043,8046.303580928889,3738.2286840840484,3018.507559503069,18680.550475012235,5400.601999621755,18145.099784971037,5746.714696413633,7296.530556126587,6989.482173656486,6828.775627507147,17531.19197675518,15454.967139699016,12489.151927664447,10176.15000846607,17687.19668516997,5556.442312492703,4838.207102006689
16697.009559761194,13331.782425858537,20290.715336383335,9364.573032187149,16803.3123749805,12369.655777653474,16050.623906837609,4408.362454624472,8032.287174289106,3733.028570001879,3018.507559503069,18680.550475012235,5400.601999621755,18145.099784971037,5715.3746567652515,7285.042221911204,6979.25096272343,6824.3485413119815,17495.13663723583,15454.967139699016,12483.248612326552,10144.839474100763,17687.19668516997,5550.097306799647,4824.490886452933
16697.009559761194,13327.53017086154,20267.76539665831,9331.285992312527,16800.976136723097,12320.562500631695,16050.623906837609,4407.749236001074,8007.13965499486,3733.028570001879,3018.507559503069,18598.69204240184,5392.736538804047,18145.099784971037,5704.92361013435,7272.924434521403,6979.25096272343,6822.185265257009,17495.13663723583,15452.666235000393,12452.68837250791,10144.839474100763,17667.145131127127,5546.194116688426,4818.729724244843
16693.71071915032,13079.847524816047,20257.61131101357,9324.729747511814,16793.019297981526,12315.243973036002,16046.843409046709,4397.739906878043,7999.152397966836,3731.2186445923003,3018.507559503069,18573.394602895874,5381.825425372568,18145.099784971037,5685.7637965336735,7265.074396535079,6979.25096272343,6822.185265257009,17487.406199148354,15448.160918734793,12439.337793025948,10144.839474100763,17665.60532570894,5546.194116688426,4790.251807846688
16657.092704501276,13048.936975849665,20257.61131101357,9284.536238954652,16767.12065938727,12304.90743208054,15998.546266808706,4397.739906878043,7996.362084729522,3731.2186445923003,3018.013388713192,18564.901599450677,5372.591121584299,18145.099784971037,5685.468492548872,7264.123680570814,6979.25096272343,6822.185265257009,17484.735445571583,15431.424055333831,12439.337793025948,10144.839474100763,17626.469434453647,5542.57283390609,4781.654003364602
16646.04922913976,13048.936975849665,20240.567655795337,9284.536238954652,16731.422022466642,12286.528403407056,15970.002697809432,4389.176817291104,7996.362084729522,3730.63505321341,3018.013388713192,18454.85990330152,5372.591121584299,18145.099784971037,5680.430762456263,7236.254629921284,6979.25096272343,6812.92967491558,17480.43622117211,15425.478370871167,12438.817729391229,10116.427143833394,17623.402977146816,5542.57283390609,4779.218714225471
16638.00659534078,13037.33826800487,20102.974953362813,9250.37106521019,16731.422022466642,12256.921902055874,15947.547228223837,4389.176817291104,7955.990579183781,3730.0465983733943,3015.0792644704457,18454.85990330152,5368.426896038602,18145.099784971037,5677.983066789155,7236.254629921284,6979.25096272343,6797.163097558734,17463.636503425638,15400.178448423881,12428.350992884709,10111.987309094093,17623.402977146816,5538.181039617222,4775.131527536036
16579.612823535725,13027.755513523738,20079.293607706328,9115.509970072357,16725.49685952747,12254.78254477072,15942.513353443115,4383.506859812151,7935.819406280129,3729.9862083824796,3012.3049835044976,18437.487352876924,5335.990943152291,18145.099784971037,5660.548293228439,7235.560684231923,6979.25096272343,6789.898026999323,17453.953439091983,15396.949933878852,12421.409598705151,10105.693792884118,17623.402977146816,5533.725754914722,4766.095349749017
16578.73477318993,13018.823633096898,20073.345021838846,9093.16539789947,16724.621954296486,12247.383914740789,15942.513353443115,4382.891665140886,7935.819406280129,3727.4196924599473,3005.067570288649,18412.85143028803,5335.990943152291,18145.099784971037,5654.102341809703,7224.325834671563,6979.25096272343,6787.522876890651,17441.392888504357,15395.318732929998,12420.36786110756,10105.268155404334,17622.735991466943,5533.635735622971,4766.095349749017
16571.90144672497,13018.823633096898,20057.49475018099,9093.16539789947,16679.855983149515,12236.958010167533,15941.28744521545,4382.891665140886,7927.230510555048,3660.0344224581645,3005.067570288649,18379.79866735448,5335.990943152291,18145.099784971037,5654.102341809703,7224.325834671563,6979.25096272343,6782.892253780233,17166.31218865307,15395.318732929998,12417.469556342841,10093.508671236701,17622.735991466943,5533.635735622971,4747.552113152884
16569.539842003465,12976.242217136763,20057.49475018099,9057.16257263561,16668.840456595863,12231.185268279702,15911.394345120289,4380.615728998379,7927.230510555048,3654.9941685893928,3004.267785719638,18372.183991064816,5333.836235596413,18145.099784971037,5640.696363793837,7210.137737254619,6979.25096272343,6776.5346432118295,17160.95240451433,15384.036798094407,12412.368520424356,10088.292827817966,17622.735991466943,5533.635735622971,4747.552113152884
16547.40039356036,12969.415022408128,20047.833193935352,8911.680840242108,16662.97793144974,12214.997858578403,15911.394345120289,4380.615728998379,7927.230510555048,3654.9941685893928,3004.267785719638,18372.183991064816,5280.3429323379905,18145.099784971037,5638.701649688357,7194.99096323388,6979.25096272343,6746.099511810267,17087.647260712176,14675.706529523683,12403.917135498781,10069.378842386217,17622.735991466943,5525.100786264837,4260.896400970998
16545.054573002275,12964.577454288825,20023.670453492687,8777.754344943349,16655.753628925362,12185.618452989991,15911.394345120289,4378.500080549455,7917.077929059117,3652.3136012646883,3004.267785719638,18299.86277506185,5279.396625014158,18145.099784971037,5630.565810470327,7188.464517610739,6924.225116944854,6545.086417360193,17087.647260712176,13965.460180416181,12403.180574260434,10069.378842386217,17603.766756191606,5523.275219608395,4260.896400970998
16531.255924269237,12911.029784625734,20007.184404139163,8690.39058686492,16601.327805448298,12182.321280383254,15909.88662698078,4378.500080549455,7914.999307556527,3650.978245532922,3003.7573887932376,18299.86277506185,5050.9124183462045,18145.099784971037,5630.565810470327,7179.858643828673,6922.12177429214,6545.086417360193,17067.191909822253,13895.184407990853,12361.084985395362,10061.363098282121,17597.32480470765,5521.782255289486,4260.896400970998
16531.255924269237,12865.060237046902,19948.81483986581,8656.472241979158,16601.327805448298,12174.186929796899,15890.790185282263,4372.161413686432,7914.151148655224,3650.249083869404,3003.7573887932376,18281.44400263994,4939.21988204909,18145.099784971037,5630.565810470327,7177.146642883146,6922.12177429214,6545.086417360193,16754.596968977363,13895.184407990853,12346.977013780108,10053.729959955985,17568.75489306287,5521.782255289486,4260.896400970998
16529.422415727782,12857.818427539762,19938.5257221533,8656.472241979158,16593.247212413175,12165.351878628273,15888.488355722078,4368.890464775877,7912.40860272572,3648.1519801190366,2998.938269618391,18250.20989957336,4939.21988204909,18145.099784971037,5620.117759825245,7177.146642883146,6913.236245404121,6523.607641240487,16651.289348692757,11708.386416165424,12340.132833619977,10035.948489997476,17568.392848033727,5511.925996432774,4260.896400970998
16507.57397207819,12855.246976983377,19915.530944630566,8649.50571791143,16569.167739422304,12165.351878628273,15864.703561439661,4368.633640126061,7909.443560511987,3646.888342701054,2998.938269618391,18166.14939653265,4936.534201586186,17906.704352480614,5618.836628908826,7175.562504727368,6913.236245404121,6411.297317274704,16651.289348692757,11708.386416165424,12339.333362564423,10023.716703167107,17545.114743790036,5505.286979567541,4250.038491245014
16501.81012792723,12843.041106849449,19855.038734292248,8613.93227066472,16557.37428579951,12150.639889790938,15858.784326996647,4363.947761842004,7879.762178220686,3646.888342701054,2998.330494352972,18132.84201791928,4933.973837560418,17906.704352480614,5609.788131764083,7172.897312607368,6913.236245404121,6305.771600290309,15304.098775680097,11693.07128295004,12317.050390978566,10016.692585311175,17545.114743790036,5504.511176748447,4250.038491245014
16494.543972059557,12827.166372265794,19846.262729970156,8613.93227066472,16552.06663903162,12109.04647191961,15851.224198606807,4362.879205431297,7879.73870798733,3646.888342701054,2997.990324170147,18132.84201791928,4843.871346215472,17889.016160795014,5601.149355063542,7169.38070551634,6904.838908603844,6305.771600290309,15130.03672337063,11595.603544941197,12313.114263851518,10002.438903864278,17543.24754416775,5501.014932803277,4239.77630490634
16486.38652225543,12813.853578731649,19828.19363483713,8579.968140744742,16547.73712270872,12085.107824389075,15837.705875430698,4362.879205431297,7869.875563100373,3645.8976419992123,2994.9391126944793,17752.853833712394,4843.871346215472,17889.016160795014,5590.5825895142625,7132.054629950564,6904.838908603844,6305.771600290309,15124.615485676339,11595.603544941197,12313.114263851518,9996.639754847169,17232.53407247185,5500.275652737109,4236.84280441557
16438.978681471006,12813.853578731649,19655.000563230224,8579.968140744742,16517.65021713697,12055.579799008046,15819.044324953085,4355.762731271452,7869.323242688078,3645.8976419992123,2993.599150922887,17703.514185141095,4718.97515346198,17088.154465635962,5590.028889420266,7084.948191819861,6904.838908603844,6286.94192840803,15107.116239551724,11529.562499783086,12310.880178136185,9844.196024822391,17134.874635256972,5500.275652737109,4236.84280441557
16420.92152638766,12811.332436087236,19639.04094410579,8566.527471738817,16507.97217397827,12042.858330832674,15815.762227743013,4067.6395896774375,7868.55537058874,3645.8976419992123,2991.394389148466,17671.067441010397,4714.061079830192,17088.154465635962,5588.7738823146865,7079.331797016568,6904.838908603844,6279.650795565704,15097.134330571293,11497.614964568627,12310.880178136185,9833.244840028292,17112.006599619366,5495.887580339453,4236.84280441557
16413.323938857382,12805.862542631661,19637.192955486164,8566.527471738817,16507.891837649484,12027.308377900667,15815.762227743013,4067.6395896774375,7863.438342129397,3645.784507897538,2989.581227626251,17628.92441957336,4712.344086064788,17088.154465635962,5573.190704608818,7070.737565947233,6875.1657118148705,6279.650795565704,15094.40458329307,11497.614964568627,12304.521465954036,9817.333068740445,17105.962108550284,5491.6100975943355,4216.881612406894
16409.08910624937,12798.20943941579,19621.225451482525,8564.686729248468,16506.844360774357,12027.308377900667,15810.057605215154,4067.6395896774375,7853.419677384167,3645.784507897538,2986.6368037038583,17486.16099397247,4712.344086064788,17088.154465635962,5557.003022959462,7070.737565947233,6875.1657118148705,6271.433384425947,15090.059075285728,11371.06133758894,12292.841309809846,9817.333068740445,17105.962108550284,5491.563195520404,4074.4905653232654
16403.07887796979,12793.227410084233,19552.51664036759,8561.055529394967,16505.627060264913,12026.940000768882,15807.590846569628,3985.5196816962543,7823.564635618983,3642.617042965763,2986.6368037038583,17467.61870526483,4711.965763856638,17088.154465635962,5557.003022959462,7070.737565947233,6872.960477307185,6255.316576001118,15063.365145731314,11371.06133758894,12280.872308460679,9817.333068740445,17102.915309087257,5491.563195520404,4026.842594795598
16403.055264518378,12292.07421145506,19546.52965728174,8561.055529394967,16498.59648284578,12018.696241981372,15767.977194895462,3985.5196816962543,7803.3725783930695,3642.117549344468,2986.6368037038583,17450.973647665378,4710.21825435786,17088.154465635962,5520.35142465993,7064.686463290538,6872.960477307185,6255.316576001118,15018.094347395061,11371.06133758894,12275.795406995861,9805.654458260648,17102.56664677967,5490.61955125355,4026.842594795598
16381.12508733921,12292.07421145506,19518.833171421873,8527.527129340906,16497.097782545836,11973.02720030259,15754.561279415542,3985.5196816962543,7795.88081924924,3630.1927529273926,2986.6368037038583,17439.794442652143,4687.248216670971,17088.154465635962,5520.35142465993,7064.686463290538,6869.132496020089,6255.316576001118,15011.234943842517,11300.431597806091,12271.398677421837,9785.237800550956,17081.886347007377,5490.61955125355,3918.5117523712406
16374.22924961473,12252.607386137825,19506.39521455479,8518.682374429172,16497.097782545836,11921.91935319567,15752.61570212766,3973.486830156776,7794.088517092639,3624.296665977875,2984.841955030277,17436.73729939889,4662.357478081325,17088.154465635962,5520.258916877454,7061.915381309949,6864.661508276887,6223.921359215095,14990.289161047498,11284.516726491102,12270.277857594872,9785.237800550956,17081.663407746233,5490.61955125355,3915.391950111063
16368.906036568911,12252.607386137825,19472.43863186749,8517.649771572978,16494.82152862205,11921.91935319567,14861.112194084435,3948.242844211218,7793.288537711607,3624.296665977875,2984.610454255766,17434.292723001236,4654.704914140109,17088.154465635962,5519.452976174984,7061.915381309949,6858.712204901299,6223.921359215095,14983.239707597724,11284.516726491102,12266.332082242643,9785.045892575938,17081.663407746233,5475.117676810809,3820.219096330725
16223.537809949808,12252.607386137825,19472.18879441278,8454.515092055946,16483.856152299915,11911.801973760426,14861.112194084435,3948.242844211218,7793.288537711607,3624.296665977875,2983.6838900792773,17400.280418360147,4652.757219301577,17088.154465635962,5518.65093129639,7057.138977197208,6373.170754255103,6222.648789545365,14983.023127563458,11242.721669513401,12262.705943657129,9784.919195441462,17079.404771356836,5475.117676810809,3815.594704506636
16118.221737454225,12252.607386137825,19470.807128943696,8454.160649440993,16479.232269815708,11898.967071660425,14861.112194084435,3948.242844211218,7793.288537711607,3624.296665977875,2983.565543911215,17393.425990325264,4641.184976089098,17088.154465635962,5510.842313965912,7057.138977197208,6373.170754255103,6222.648789545365,14973.351589937682,11242.721669513401,12262.705943657129,9771.557698795457,17078.911380607104,5474.761229504489,3815.594704506636
16118.221737454225,12248.320432360984,19445.56166026058,8454.160649440993,16465.402635242484,11898.441005412118,14861.112194084435,3948.242844211218,7789.509473989804,3624.296665977875,2982.9809731182104,17371.31778526436,4638.250069569729,17088.154465635962,5506.78900847121,7051.189886561706,6355.58507927458,6222.648789545365,14957.639200997375,11207.995541419998,12257.30694535254,9771.557698795457,17077.00624799849,5473.820720007776,3815.081887911687
16094.053110984318,12238.53868403642,19437.38745035572,8450.729931426331,16465.402635242484,11887.286688711021,14861.112194084435,3944.4072028681926,7784.423621220155,3622.423679174528,2982.9809731182104,17370.50433219417,4633.3562288515295,16419.568619084028,5506.78900847121,7051.189886561706,5822.418346642208,6209.756689083002,14951.645346418696,11207.995541419998,12255.504160775075,9766.684037676383,17075.488046171613,5473.820720007776,3809.1778439035397
16088.420402408925,12238.53868403642,19437.38745035572,8450.729931426331,16459.206504185342,11887.286688711021,14861.112194084435,3924.8061174434333,7778.484955417072,3622.1456748859655,2981.532989446666,17364.63490518629,4632.789708111676,16419.568619084028,5506.78900847121,7049.824874191067,5822.418346642208,6205.41500918221,14934.509863783782,11207.995541419998,12253.130080463925,9766.294471205496,17066.986413837425,5473.820720007776,3809.1778439035397
16085.837314378266,12183.473762348181,19437.38745035572,8435.373951395452,16448.53525477559,11866.257222295457,14861.112194084435,3924.8061174434333,7679.234651696865,3622.1456748859655,2979.593355214967,17358.955995615554,4631.806476937564,16419.568619084028,5506.772662269457,7048.042662766589,5822.418346642208,6196.765084494107,14931.138210123028,11204.792483087425,12250.879706722339,9766.294471205496,17066.986413837425,5472.54008731451,3802.2385169375584
16072.231971655281,12170.475810875676,19434.094505513887,8434.75462719777,16446.39365921457,11866.257222295457,14861.112194084435,3924.8061174434333,7678.520462770555,3622.1103907996094,2979.3972053510915,17336.067671824196,4604.213966438992,16242.804131956973,5506.069849069702,7048.042662766589,5822.418346642208,6195.181820947804,14929.028864499815,11204.792483087425,12250.879706722339,9765.464416198363,17061.17010915039,5472.54008731451,3802.2385169375584
16027.193338540912,12170.475810875676,19429.125409616856,8428.057167378536,16444.939989550243,11855.427083060928,14861.112194084435,3924.8061174434333,7677.467297689378,3622.1103907996094,2979.3972053510915,17336.067671824196,4601.104848978792,16242.804131956973,5504.885529726027,7048.042662766589,5415.37619501154,6193.020905867318,14923.776675964496,11204.792483087425,12244.901006747888,9763.200375419192,17056.02503797126,5472.1277175497435,3802.2385169375584
16020.881327678328,12170.475810875676,19429.125409616856,8426.065553031673,16441.514938359032,11852.283744347771,14861.112194084435,3924.8061174434333,7677.467297689378,3622.1103907996094,2978.9663326064365,17322.847707031004,4601.104848978792,15294.670970553914,5502.064127110653,7045.604812088384,5414.69826142007,6193.020905867318,14923.776675964496,11204.792483087425,12244.294603370909,9763.200375419192,17054.115718168636,5471.908904466331,3798.6686768218924
16020.881327678328,12170.475810875676,19415.275498578827,8296.591464789717,16439.66718013182,11843.802837564159,14861.112194084435,3924.141601269807,7677.467297689378,3618.2891643302646,2975.4356131007935,17321.88113732303,4600.168004905607,15294.670970553914,5488.812956138097,7043.905124824475,5414.69826142007,6192.066730411554,14923.776675964496,11195.801730510266,12242.035361557118,9763.200375419192,17054.115718168636,5469.074446624844,3798.6686768218924
15992.018593237795,12170.475810875676,19407.93791415114,8296.591464789717,16439.17436838959,11843.216689319022,14861.112194084435,3916.510057022087,7673.307726430461,3612.8403161921283,2975.4356131007935,17315.21597218416,4586.794805447312,15294.670970553914,5445.034178313892,7035.984132201986,5414.69826142007,6189.963770356075,14922.916541519442,11195.801730510266,12241.792348817293,9755.783533117012,17054.115718168636,5465.154792079833,3735.8612398251234
15992.018593237795,12170.149339970048,19407.93791415114,8262.104117004492,16436.79099115097,11838.846073116705,14861.112194084435,3915.3458818974996,7673.307726430461,3612.8403161921283,2975.4356131007935,17315.21597218416,4585.783775934292,15287.699909872812,5445.034178313892,7034.220975295446,5414.69826142007,6188.125832046251,14913.741555761138,11187.799695848258,12241.377649418082,9755.62203346823,17054.115718168636,5465.154792079833,3735.1375435471778
15971.200278918197,12162.161492249994,19406.47896628477,8262.104117004492,16432.357494974,11834.64719469161,14861.112194084435,3910.726716462053,7668.714063409484,3612.8403161921283,2974.538968148296,17308.21281044663,4578.113330719099,15287.699909872812,5443.316606344028,7033.978448533523,5413.98054448746,6188.125832046251,14912.868023766663,11186.87852781714,12238.391233060174,9754.764967497667,17052.204536768273,5027.478739096798,3727.0055998776725
15969.687558913563,12162.161492249994,19399.911439202435,8262.104117004492,16427.827751121582,11834.417769430012,14861.112194084435,3907.9771945800326,7665.838210094791,3612.8403161921283,2974.299553495671,17305.78456712773,4578.113330719099,15287.699909872812,5443.134230891346,7033.978448533523,5410.370857631839,6181.878211498461,14911.67505168857,11186.87852781714,12238.391233060174,9754.513937970773,17040.280126017446,5027.478739096798,3680.6721173796054
15958.812007304638,12160.401565248867,19399.911439202435,8254.910476543495,16423.88884721759,11834.417769430012,14861.112194084435,3907.9771945800326,7660.168314254648,3608.2847111980736,2974.299553495671,17305.248034270022,4578.113330719099,15263.17572470622,5438.457608018052,7033.978448533523,5406.077897685309,6181.878211498461,14896.872843157824,11186.87852781714,12237.024847019271,9753.988059460786,17033.375318495317,5027.478739096798,3680.6721173796054
15958.812007304638,12148.456432690686,19396.99917161011,8248.429240041645,16418.97672931437,11615.719743434158,14861.112194084435,3907.8377046775336,7651.294599627485,3608.2847111980736,2974.299553495671,17298.022267738095,4561.695623032276,15170.53648311949,5438.28690231566,7033.916418979279,5404.2467700409925,6178.655813841893,14894.524513635632,11120.053335592806,12233.560209300707,9753.226227161647,17032.60575847363,5024.631481463603,3680.6721173796054
15953.654983704786,12131.434511301593,19396.99917161011,8246.10720714153,16418.97672931437,11615.719743434158,14861.112194084435,3907.8377046775336,7647.476638469162,3607.3976395011555,2973.842396796684,17295.455301156228,4556.740875942198,15170.53648311949,5438.28690231566,7033.015903646006,5401.874381023767,6178.655813841893,14891.091463340508,11120.053335592806,12233.072728633018,9752.517281100718,17031.69341457467,5024.1265799945195,3409.3622462913218
15925.69460803054,12129.897202031494,19396.682238245954,8228.807173385081,16415.833567080743,11615.719743434158,14861.112194084435,3891.9570353008803,7647.476638469162,3607.1586083604902,2973.831935445618,17295.455301156228,4556.36742621782,15170.15955889802,5438.28690231566,7033.015903646006,5386.357067633933,6177.116835669875,14889.996870425059,11120.053335592806,12233.072728633018,9748.929339493981,17031.521318920153,5024.1265799945195,3403.9226870462844
15918.091924791024,12126.491474325981,19396.682238245954,8218.829139426818,16413.65220340881,11572.271046759586,14861.112194084435,3891.9340075206655,7646.374915423733,3606.487380391274,2972.3896403216877,17295.455301156228,4556.36742621782,15170.15955889802,5438.201256723527,7032.6022087802685,5386.357067633933,6175.943149738703,14887.961802494596,11120.053335592806,12233.072728633018,9748.929339493981,17030.29009494934,5020.979691827013,3403.9226870462844
15914.510166430588,12102.877951258833,19396.682238245954,8215.84232804548,16413.65220340881,11572.271046759586,13932.870947897465,3891.9340075206655,7645.996054379115,3606.245291090312,2972.3896403216877,17295.455301156228,4556.36742621782,15170.15955889802,5437.494764654251,7032.319466708705,5381.5308516771765,6175.379942983211,14887.961802494596,10674.89738104547,12233.072728633018,9748.371352250915,17030.29009494934,5020.268996635293,3403.9226870462844
15914.510166430588,12087.395283025911,19396.327613415375,8215.415933651619,16410.950742931927,11567.84744725893,13929.846708190798,3891.9340075206655,7645.996054379115,3604.621737329025,2972.3896403216877,17289.990538289145,4552.914897430734,15152.73381907107,5437.184132527556,7032.319466708705,5381.5308516771765,6175.379942983211,14854.412225466807,10673.163138468499,12233.072728633018,9746.900211363294,17018.065837910843,5020.268996635293,3324.465170932595
15912.365432487362,12087.299928063501,19395.334096719867,8215.415933651619,16410.89871197837,11567.84744725893,13929.576202450242,3890.7391547587467,7645.462964627955,3604.083577832108,2972.3896403216877,17289.990538289145,4549.98341761483,15152.73381907107,5437.085196813636,7032.319466708705,5381.5308516771765,6171.251464078876,14854.412225466807,10671.68246274499,12233.072728633018,9746.900211363294,17018.065837910843,5017.682774184623,3324.465170932595
15912.365432487362,12086.01216965997,19395.334096719867,8215.415933651619,16410.89871197837,11567.277135322614,13929.576202450242,3890.5805560425565,7645.195021198897,3604.083577832108,2972.3896403216877,17289.990538289145,4549.98341761483,15152.73381907107,5437.085196813636,7032.319466708705,5381.5308516771765,6171.251464078876,14854.399246992101,10671.68246274499,12233.072728633018,9746.900211363294,17018.065837910843,4994.042517096512,3324.465170932595
15908.922554094534,12085.847432529215,19382.454503671954,8055.640414852979,16410.68098857769,11566.705571863375,13929.576202450242,3890.3436363383917,7645.195021198897,3604.083577832108,2972.3896403216877,17288.98551757678,4549.98341761483,14839.870829853178,5437.085196813636,7032.319466708705,5381.5308516771765,6171.251464078876,14854.399246992101,10671.68246274499,12232.59744947109,9746.557031188082,17018.065837910843,4994.042517096512,3324.465170932595
15908.922554094534,12085.737724016686,19382.454503671954,8055.640414852979,16410.566242253786,11565.378150425904,13929.576202450242,3890.3436363383917,7645.195021198897,3604.083577832108,2972.3896403216877,17288.91998324942,4549.673701173281,14700.999302093744,5436.90920460749,7032.319466708705,5381.5308516771765,6171.251464078876,14853.72857729508,10671.68246274499,12232.442482925711,9746.083257223685,17014.985589599637,4994.042517096512,3324.465170932595
15908.922554094534,12085.737724016686,19382.454503671954,6740.954671082969,16410.54669297618,11565.378150425904,13929.576202450242,3890.1845754957735,7645.160405732979,3604.083577832108,2972.3896403216877,17288.90932969123,4549.557958136517,14700.999302093744,5436.888408984277,7032.319466708705,5381.5308516771765,6171.251464078876,14853.72857729508,10671.001260121608,12232.442482925711,9746.083257223685,17014.927246191794,4994.042517096512,3308.4680031689613
15908.922554094534,12085.737724016686,19382.454503671954,6740.954671082969,16410.54669297618,11565.378150425904,13927.771341393778,3890.1845754957735,7645.160405732979,3603.861451427029,2972.3896403216877,17288.90932969123,4549.557958136517,14700.999302093744,5436.888408984277,7032.319466708705,5381.5308516771765,6171.251464078876,14853.72857729508,10671.001260121608,12232.442482925711,9746.083257223685,17014.927246191794,4994.042517096512,3308.4680031689613
