trial_1,trial_2,trial_3,trial_4,trial_5,trial_6,trial_7,trial_8,trial_9,trial_10,trial_11,trial_12,trial_13,trial_14,trial_15,trial_16,trial_17,trial_18,trial_19,trial_20,trial_21,trial_22,trial_23,trial_24,trial_25
6506.021505244236,8743.352880750139,8736.968639802033,7890.999717992316,6543.711178911316,8346.571742846056,7197.4345562637955,9066.216229918806,8487.106020068968,4488.4135889709805,5241.872993193376,5159.196656439977,5248.001298807176,8724.879311935048,7021.280235152002,10120.545963000483,5814.781443420616,7057.420459849516,8355.917996820306,7069.302085027079,7264.617285021894,7545.087201067438,6834.815701855043,4023.5344087744347,9900.839854074096
5598.0985912404385,8166.291818134423,8377.406012741387,7536.42703152634,6518.941274684338,6921.3945677361935,6464.839431944395,8880.60694809982,6677.627748594615,4450.084816668881,5105.128134935995,4068.2856416042096,4596.967489435698,8391.934224566674,6825.908243385084,9486.906374708438,5443.2210306831685,6823.3965711710025,3628.214098410543,6535.5521495247,7255.957271892328,7517.683006672947,6021.554194067406,3900.675507450473,9215.813487397641
5443.767722569744,7895.109340972247,8110.601984780149,6385.729358808385,6439.525616087353,6765.686358736844,6257.192526427138,8866.99571773022,6339.713058688818,4445.572623088981,4531.898423877747,4031.893141570911,4574.222353593639,8280.94485083139,6819.590085853084,9188.660402823778,5121.869491643969,5884.631210027281,3584.8598322941516,6057.664664585984,7236.127550055833,7222.374020404737,5184.568152861988,3884.593313124583,9184.475579979657
4507.027027345835,7699.763035062259,7945.754081841185,6350.909753376444,6309.926974313898,6645.533220378149,6224.804233466371,8720.068489319205,6145.654477726646,4445.572623088981,4337.28165581232,3831.3889325670807,4454.993914949032,7518.916059783659,6710.6919076239255,8035.447092819561,4734.493432248018,5655.314837511128,3557.3044983570176,5527.468137811315,7171.037530248587,7138.30964182461,5110.971345618344,3855.3478827024883,8963.633074341182
4328.235972631611,7355.963244055858,6876.42385817729,5822.318134683173,6098.959827848827,6381.407770437045,6223.704532603073,8663.812929746382,6111.233610217849,4367.59662512643,4107.944627892191,3830.3455941674297,4432.297055779921,7152.585783972059,6687.601702895564,7901.290693944757,4298.30144262711,5517.860665147495,3557.3044983570176,5465.356577849533,7063.719992602915,7138.30964182461,4957.241909826928,3826.7965654669706,8737.600499332959
4262.359651364314,7250.526584036379,6333.589336925204,5816.188104772246,5854.572548991594,5802.244566411404,6034.407028936998,8533.78671153993,6083.4307843790675,4316.914587136637,4047.94919027777,3828.562695969244,4418.866313930172,6819.527720104785,6682.16382836647,7777.559997351675,4224.872691755669,5089.72887093816,3547.8127979525334,5428.411675153804,7037.32192528284,7088.944179502514,4900.240204739538,3820.3459495894986,8727.375607601283
4254.750271166444,7209.766802703276,6146.818037419742,5670.279026223143,5735.370662073521,5706.957141701793,5931.235312421407,8478.135645930564,5990.797090469775,4315.098663002129,3982.9795375849226,3792.68099626582,4345.1013969173055,6397.486249571375,6599.789548287957,7621.647987216735,4189.651214041973,4926.320595339513,3441.4309848747844,5428.083771815668,6990.730727456965,6948.575287376801,4862.5834231217705,3805.520751504078,8567.785481948138
4233.48253340084,7171.776472136578,6065.514617913326,5602.212310384736,5668.989559267764,5399.1476093755455,5909.456873765153,8290.177564949789,5989.93755720042,4313.241990492681,3926.9153688588235,3778.52074533391,4255.2184554369305,6237.7205266069395,6599.789548287957,7528.0309073249755,4152.767552962327,4922.093662811301,3428.9630100880972,5293.77998385726,6976.277796405953,6843.1190377565445,4632.9391277077075,3800.5754117298256,8544.706655917857
4190.94502486065,7143.68812583935,6057.82998969391,5578.225082009804,5596.3625573224135,5336.880207003745,5835.531498912539,8219.925411879285,5929.474265278414,4311.7193489481415,3842.628632436085,3767.170708861533,4233.6318893650205,6189.373501331927,6598.081871542041,7528.0309073249755,4121.162212557045,4888.744117674638,3427.171362956524,5246.742429736276,6899.890098523063,6826.048614333311,4587.860058704142,3800.5754117298256,8452.599353910968
3956.158765949217,7143.426700425649,6056.500960148353,5578.01418944573,5574.412210573129,5263.037630783909,5769.909459132485,8191.545143736242,5812.211819073098,4291.638732931668,3810.2966548225513,3762.970240121133,4222.846910122021,6067.882553611174,6597.86994798077,7435.032852718127,4112.225535311463,4888.744117674638,3370.3674738688337,5241.243898748573,6769.479806248432,6749.5433580699455,4586.292182352205,3782.96329310246,8418.933108116697
3923.619451204475,6987.163716349944,6054.82124584433,5542.9587860743895,5554.789335318282,5155.136286012143,5753.769928392529,7965.576129161149,5803.140436371504,4281.529108640601,3784.1256389408795,3760.989532150268,4218.496446629204,6004.53430198306,6592.746582521858,7416.4299502876565,4100.120407819894,4872.294863367355,3356.212355111985,5224.94998015372,6689.026682782902,6707.564404489832,4546.50180275376,3775.8901295768856,8331.199073276151
3920.090517961368,6890.98326657243,6045.1906619115325,5541.7365748379925,5146.080873548868,5148.8376491577255,5711.886395434999,7879.340596163492,5792.103382705845,4253.8698978658595,3778.6271250779682,3751.0446675184876,4218.496446629204,5917.456592710474,6591.100718125996,7413.8967048840295,4056.882629120488,4872.294863367355,3347.5355543481064,4919.587398568232,6662.022926745389,6567.889118816505,4522.865399531893,3631.670276924947,8296.493900132245
3824.412310127354,6771.030999658518,6041.932495302407,5534.714168391429,5029.200316589413,5144.582754551188,5704.400964921959,7553.576559959253,5771.770899174436,4250.079095403571,3762.979570753059,3725.224141771038,4196.513186373694,5913.530000522041,6587.426853038903,7413.8967048840295,4053.9069186771503,4843.0031028588055,3343.0483425214697,4848.443625335164,6590.851257588908,6499.601751182314,4519.244462378963,3540.321047301518,8233.00051476325
3732.4230678127333,6755.011765837766,6031.333411466796,5524.200013289848,4821.329215006188,5137.338989089419,5693.326163516967,7485.647332195523,5732.465595913998,4226.084248287371,3762.979570753059,3720.636697861693,4178.103306275532,5664.39868172622,6570.322258240017,7221.560102054778,4053.9069186771503,4828.548050582061,3335.084675375974,4696.449647364449,6560.283033053078,6478.265962855314,4452.685355949562,3505.0402884541377,8214.890621448576
3687.0891798771745,6699.907464490305,6022.132480931238,5519.213389792054,4602.519497752129,5112.7073164493695,5684.284677381633,7368.860270392174,5583.682761741393,4193.405576464631,3743.7088789873505,3692.9291225383104,4167.740808705835,5601.218188905962,6567.867091983616,7221.560102054778,4043.1266946026108,4815.540247908796,3329.8157042635344,4694.857736094758,6514.941623018103,6430.223234489127,4366.19098733891,3457.36673867423,8127.7730057858635
3670.866696059449,6670.164924585627,6013.164469215642,5464.056312676237,4564.598963149658,5112.28717002594,5676.461653067906,7353.361305667527,5534.888593928436,4193.054000812842,3736.453157676795,3689.117476380152,4162.841602426589,5375.906005670075,6567.867091983616,7164.023264937884,4036.0137844753494,4761.232558358573,3328.312698895379,4694.802361863372,6471.738351109546,6264.059445676298,4366.19098733891,3436.8450869311105,8115.072928359838
3655.140102592578,6613.123628531591,6011.417589419756,5450.684626646709,4522.198025176397,5092.765497984095,5587.77980463374,7328.689980756503,5466.169439888652,4185.153597571639,3724.449610797943,3682.4888969087183,4136.891167496391,5273.672988911091,6565.895466275719,7134.369392586467,4003.0626573343,4746.962359956282,3324.828775653169,4694.4152373841935,6471.738351109546,6235.643162013035,4340.319176309778,3303.946214621472,8100.546589087659
3655.140102592578,6586.114134824782,6011.417589419756,5417.368449599487,4493.084710057887,5082.221303251666,5543.47628748903,7315.635404795743,5374.725197544128,4162.65247235332,3715.617147336325,3677.6750506464195,4126.53802294621,5178.380783772434,6515.219093411409,7121.876106064804,3994.8226266051606,4726.4350021909095,3321.9531599744337,4691.864846534264,6418.176771415512,6200.36035275695,4340.152560305225,3267.6730298744533,8099.372301760672
3653.1516158691884,6578.567621218142,6009.732365413319,5393.808066266272,4480.29591823574,5078.4982063633715,5473.494888338685,7063.637896421607,5347.161871185762,4134.3635055646555,3705.8368836245236,3667.3725391519547,4124.1484721523175,5127.074286266028,6500.882402075561,7097.261865897718,3994.1473556884234,4645.56856465946,3321.8988326736426,4685.1382857194485,6392.635581963923,6189.375758815537,4286.042190507739,3234.3316192539673,8089.03691445418
3635.0090913722765,6569.511548760263,6007.2369733516525,5372.471701162045,4437.4780651295805,5027.36586772124,5419.214896484014,6953.086866387853,5329.060080558411,4095.3424201888215,3697.9077624749502,3664.1913551586285,4102.848148239724,5070.890897293038,6481.744245101708,7038.426096085652,3979.983328308257,4588.849611261587,3321.8988326736426,4684.314713623571,6069.4195437263925,6160.85603609832,4227.86031684352,3195.4791607859233,8089.03691445418
3506.8698010928238,6554.610518890098,6007.006913536623,5346.569390073084,4414.680084693449,4959.018251113877,5390.805448590673,6875.46998908893,5300.459927390979,4044.505313134789,3697.2350288975376,3662.734062277046,4068.636549952731,4991.307001281378,6478.299527344041,7017.869894949785,3979.924522282368,4547.726962092533,3321.7575886185514,4676.871981747767,6055.858188075675,6107.411950857332,4206.599083586829,3183.877034196278,8089.03691445418
3406.975630980205,6548.247522103098,5990.78980911374,5328.77880558559,4339.208558013262,4906.113871532206,5284.897059294528,6716.770474434241,5235.827007718337,3999.396775613226,3693.2344549506997,3662.734062277046,4048.366984517762,4922.654365180877,6457.349027637556,6979.235410298676,3979.0750007133984,4422.89486096592,3321.7575886185514,4676.84629036695,5945.200381050357,6089.607141067147,4195.540209009389,3165.4713812546465,8077.25814892564
3386.512125772313,6548.01947024715,5983.322384422207,5321.972148848862,4328.383429311016,4868.06388680205,5233.477640303325,6297.29633186408,5197.744798700654,3985.574458230819,3689.141524047928,3662.5184896183905,4036.4094517806384,4915.552594508248,6436.496530029722,6907.992318311305,3976.7572185057547,4284.55130497034,3321.7575886185514,4676.845896137435,5757.199876941558,6022.542862308763,4143.984360533681,3157.3092754497393,8005.685843555092
3341.3111250645693,6539.583186665824,5980.564460789676,5304.703642563052,4327.349744199009,4790.252705053477,5197.553314571356,6165.437426126851,5151.985452743657,3936.4692933763345,3678.3186289485257,3653.063024607067,4032.4162570192675,4848.657426185891,6406.727485216446,6899.998520404742,3971.1420300815553,4017.956570130641,3320.685287693359,4676.845896137435,5725.657788912945,5885.35526233756,4121.604150162209,3154.7866042546266,7990.845335335176
3316.8729934970315,6538.5071238013315,5972.631066946811,5292.851612625655,4322.189653285708,4769.591680584908,5154.275235722997,6091.88587857413,5126.8935074815745,3856.939720749532,3670.323904876984,3652.1803987832172,4031.489032749246,4848.657426185891,6385.313305341224,6872.216901474712,3970.667594868886,3918.9430341253437,3309.499542429705,4676.421615910983,5648.536211812547,5842.64974237466,4087.448242502368,3146.7220074594675,7983.91694162167
3299.968282082906,6528.420656491695,5961.736132274893,5285.055625018452,4317.8618053845785,4728.623950775718,5145.836743544138,5983.668036010455,5069.72620399477,3815.62707876262,3660.8430817460153,3649.948998114164,4019.346498093333,4800.371812907419,6343.613781207687,6851.139922760503,3969.621540196302,3843.612919936884,3305.3105250905955,4675.024827162976,5478.489096906054,5823.818452861922,4021.4309671405144,3143.528161641887,7982.192515975801
3293.053761324337,6526.8477219209835,5951.4348595573965,5276.201383358078,4296.517626629819,4693.412315068319,5110.235223831241,5885.98976703657,5048.614502981862,3793.519569789016,3649.997278743401,3647.9046345243883,4018.3101421453866,4774.900593438882,6312.749003316807,6833.798056126475,3969.621540196302,3713.879509176644,3303.5335328313377,4675.024827162976,5370.610392286856,5749.9944237900245,3984.823839660842,3133.4259220656745,7981.616302906035
3290.8152558231504,6526.1023045760785,5942.428353627367,5196.5071323578,4280.896613681528,4623.528267470394,5086.7644285436545,5709.852956584583,5025.519966728856,3771.0033176432003,3637.130383009996,3643.558192896706,4017.4508779335165,4774.900593438882,6272.973866064006,6826.622698712372,3966.8598017693166,3663.1214923338143,3293.406310680544,4674.546793017385,5341.999819143664,5746.564413218286,3972.8619720756788,3131.7390409304116,7979.144919054817
3282.8894164897583,6525.569975706105,5935.219101393736,5187.704705832208,4259.269734428995,4600.63604051504,5083.338076913059,5561.322145179182,5001.503813467158,3768.4554680542524,3615.985701217932,3636.7746104745975,4017.4508779335165,4757.174908880572,6252.651934769499,6812.727225555221,3966.0687755467484,3468.578887612157,3286.245395802072,4674.414759037827,5262.943801637499,5716.580750673253,3940.976663296223,3116.1635913362766,7969.425680627596
3271.0364157122044,6524.917432897696,5922.599001644996,5172.183620096,4256.002813549698,4568.317412131001,5056.2942481183145,5541.119726447386,4983.15364419057,3765.8045616368117,3580.285342544285,3611.5075414417724,4014.6774797192047,4745.27125062696,6247.7854641392605,6719.687845821525,3962.310970964887,3407.4209468764393,3276.6934393376705,4670.69081612374,5093.302091418557,5706.066810199735,3932.5160362880843,3103.043957428128,7962.791934749186
3262.1838168473446,6524.625895458108,5894.208682251361,5165.031903435984,4246.867417879753,4560.762266538804,4980.343832016131,5311.326859492326,4954.559028413269,3734.4356400003644,3571.2937387228903,3607.467966069096,4014.500968099088,4743.684401947471,6221.172012951038,6708.270196370097,3944.0355177859965,3369.0277924183215,3274.0711029524264,4668.749129976987,5049.94238894998,5696.611504317114,3915.6202542036967,3094.0429806466927,7952.551837919849
3258.800786494964,6524.386898082824,5862.470387613408,5149.002411760797,4218.779454030269,4530.559659674725,4928.608488321949,4734.59149460232,4924.192226962157,3707.4634571766464,3556.8478110376213,3604.3124877406003,4009.043057286345,4741.50687199228,6201.504141192186,6661.122301224574,3941.554029863971,3354.8236837684153,3272.778503927947,4666.911111020709,4999.725490190209,5668.62939196437,3885.7375772219584,3089.027602398869,7948.830394399546
3254.9205374986464,6523.495595030618,5856.876895701926,5138.511629724567,4191.692134994998,4513.599981631205,4910.824637875681,4715.246476894988,4903.298784495773,3628.5855046572806,3539.861948144575,3597.391051780897,3999.0449322639824,4741.50687199228,6131.7269202224115,6652.414238482541,3939.4209575936693,3346.6148547602106,3266.731664114483,4664.523517624453,4970.508882420291,5650.228749630308,3881.8965441651526,3087.9046643521747,7944.277078710613
3252.818097032101,6523.207071967983,5748.22667951878,5129.400735644509,4171.145135200954,4477.87038960375,4899.770391565293,4692.0564080622535,4870.0748501135895,3619.909645145402,3526.0787936179004,3594.9680485787953,3996.1926556899334,4741.109215014185,6078.732631261839,6636.096098560997,3938.8623396145003,3335.8854017945773,3265.7541547447017,4578.015287361606,4931.308382219911,5602.161019811721,3862.3990869222316,3087.9046643521747,7943.143104473002
3248.4603805140987,6514.115653822029,5714.903990842731,5123.224024423176,4157.274613349962,4441.421380175897,4876.867150554819,4660.847667738193,4857.900718909656,3611.806271189146,3517.4441411516136,3591.67761956409,3995.3106377468794,4736.886915619893,6019.7379783458855,6603.068722811993,3938.8623396145003,3335.499118472476,3261.990273719469,4561.635186286296,4912.008263479918,5599.683600512256,3855.329842932062,3086.636905621256,7943.143104473002
3247.1529501587283,6505.186946443471,5668.773267818824,5119.016404646833,4120.714214825044,4426.8655427209615,4860.915062482021,4649.924501137226,4857.898809985588,3603.6069497066233,3514.1300201361873,3585.6575682317302,3989.406942153282,4731.367725040003,5807.298645441501,6569.731083499053,3935.8009091111444,3329.289281263897,3258.829650639609,4556.919783056194,4892.434408946439,5578.060142452369,3826.821708240189,3083.849595752742,7942.104317447824
3241.4621603989426,6503.250483872187,5608.011010725479,5114.327278765224,4115.412885312637,4425.0979131321765,4853.714895424443,4578.626724734025,4850.434673419913,3556.0837758301973,3504.0669496320074,3582.5914105121806,3988.827754332715,4726.546129666687,5729.099666530672,6510.2226266100415,3935.081729243694,3322.638439189904,3257.3581550839513,4532.644403151314,4878.312928713141,5541.003614566906,3791.8700708494944,3082.4734233971476,7939.42009420416
3236.6526285530194,6501.613159468307,5608.011010725479,5089.372832617693,4114.911494324896,4412.85296313972,4753.685982663179,4543.554394258395,4850.434673419913,3528.0024811842627,3484.2516384463415,3573.991302747067,3983.424186236767,4717.316117666568,5729.099666530672,6463.070425146623,3934.4010195838528,3322.638439189904,3256.7855435230867,4512.442308213097,4876.012960318974,5521.733522636865,3774.850990855358,3080.868198119014,7939.085433197323
3233.30599210935,6500.665790207602,5590.770815586304,5067.431909493879,4114.891432973356,4404.854957454089,4708.903052085414,4511.312507804518,4849.7151225167145,3505.742893358393,3473.441991016617,3561.7869275532134,3962.573225224006,4712.233524841104,5610.2949696781325,6442.881126780535,3921.6881711567876,3322.166279164067,3253.4020654967217,4472.976325015453,4851.670465256831,5475.804704644117,3771.18363448787,3068.5570353908115,7925.8689988604765
3226.671429760743,6500.04102086621,5409.736068740254,5062.873341241582,4114.883449235086,4398.504618934139,4675.9660270484965,4509.361235873261,4849.7151225167145,3488.897888458612,3465.8224044694643,3556.2973160168526,3904.1725727285825,4702.114369089959,5567.33200214104,6412.317273369185,3920.8499289244264,3315.979211555976,3252.9257832271405,4431.772456037163,4847.749237707062,5436.718709884395,3767.39510752497,3068.283089889276,7925.8689988604765
3224.5473642745123,6499.808871292352,5389.148347115099,5059.799710442036,4114.77056059287,4378.381381627413,4662.497112676492,4462.8545364788715,4832.525333464377,3481.1987157479584,3438.918532292334,3549.2556283052663,3818.163542814702,4691.191169471087,5556.645684402639,6405.611554145011,3899.822961388684,3314.749238737615,3250.1884855803996,4398.210893266935,4836.607947564173,5383.75310624754,3757.164368632036,3066.896540905535,7924.339200174426
3222.417948134509,6499.725100668413,5367.959758902527,5052.656854970062,4096.9230461964535,4362.257291485784,4594.676645685417,4445.225885935695,4776.866837214959,3451.3085615885357,3435.5713320835353,3513.1073692522355,3756.036319230081,4685.391148903969,5527.1578292947725,6271.579750927902,3893.596178988939,3313.4907976723443,3247.5792341999886,4375.935683322783,4834.20509359023,5330.190553556695,3754.3580668750624,3065.893836198852,7919.505661756796
3217.5397389803193,6498.247962722897,5362.641708494606,5046.640691124045,4094.93099754752,4352.47814643723,4555.402471625919,4407.42047770283,4726.48770823578,3445.8066001447874,3431.257417120172,3505.5936746892276,3752.6540746536743,4674.845971321956,5517.63483493037,6203.622567503408,3885.2017416654385,3292.5696379769797,3244.559717958119,4343.69692603162,4797.421219924504,5213.418380807225,3752.727547253515,3065.425406977036,7918.050603405503
3214.044209824171,6493.915581010521,5283.6619319395595,4977.867583547623,4089.0228943286293,4345.761919161175,4529.003520233272,4352.376798506657,4695.494674292246,3438.7909010086382,3430.936053259321,3484.5081542558305,3746.445612135915,4669.025022679525,5499.237553873787,6203.622567503408,3881.902131295519,3275.121719777808,3244.514018035048,4328.327291513622,4789.374171222481,5094.735773960923,3750.9677935673976,3065.379376081214,7912.03973035983
3209.5524455153122,6491.673856098387,5253.770112128606,4961.225545796611,4087.936541255001,4337.21132211949,4526.638623767916,4302.621366157815,4673.684432136697,3434.070895306495,3428.9144267693805,3471.2687422933373,3741.50069277584,4665.292500551892,5495.9263224368215,6198.744093298619,3869.937847907976,3266.7854649106575,3243.3442565706546,4327.212352499553,4762.692209875441,5035.605129701804,3738.023592655672,3063.0755324500137,7888.08413415953
3203.499429469887,6490.493458375157,5218.438884654368,4947.717264492338,4083.5750221263065,4309.829023253851,4504.426691011204,4265.917633875049,4667.3983739488585,3421.9230528109165,3428.3731511966002,3464.8281402535745,3732.9123897461677,4660.145296102817,5474.395366417319,6196.589950310596,3845.8246468069506,3263.209982733197,3243.1158406417253,4325.383500718004,4739.130592027124,4984.372084048966,3737.5049347488066,3062.8873175829485,7863.644685233515
3199.730362070858,6489.412359241188,5188.458859097251,4912.155823022013,4079.8770806802854,4299.8073867223375,4486.9255736683335,4248.926573425331,4664.169027916347,3399.142268255647,3428.0624687962095,3463.8194362116637,3730.2869980151286,4645.840861127957,5458.991921256522,6193.4256305040035,3830.793068313204,3258.783965294674,3228.3318112272123,4308.013354941399,4710.857816643234,4978.252638421037,3732.4149974370525,3062.168827273827,7835.497683759403
3193.4451788045576,6477.125858874532,5076.804397552254,4881.885688866377,4078.0397391962542,4299.8073867223375,4450.811026215588,4071.137234296443,4632.697866149489,3393.9055403285774,3424.989832147413,3412.0158463438097,3729.848175865157,4642.978405242567,5455.915801831514,6179.565287785288,3810.953482716449,3254.673974711857,3223.0376059514265,4290.635033494325,4689.076556347251,4906.919441437618,3731.8258440543545,3061.6866653427014,7799.2208151470395
3184.3362882582705,6475.262977854304,5070.778008558234,4852.906829225897,4076.5893443710506,4281.192479394778,4403.041605457419,4048.978919743696,4588.303372141244,3389.389023804645,3424.636857900982,3397.1140380946226,3717.707146998485,4635.211638799864,5450.331813728713,6175.977470884002,3804.0759458281304,3251.2115743727336,3203.2059279856317,4280.257081191188,4661.030622460364,4642.705201116789,3710.144484496972,3061.0197415585976,7787.853382540583
3170.552201994252,6465.555914800016,5066.9989540947045,4832.8478425833855,4072.903840200861,4275.211100649674,4322.170075617398,4009.4810716116194,4468.629591267944,3387.238584918575,3424.0178438918438,3372.5489115352616,3715.5090457065744,4624.239933373203,5446.169126498941,6160.642340527571,3792.0542506494508,3249.5955291653404,3196.575227815907,4268.044575361611,4616.208285034689,4033.8947139773154,3701.020682483278,3060.537014598147,7782.10966764898
3165.8689891170316,6455.139217706608,5061.729117139462,4782.6988946901765,4059.929563722529,4269.691317207249,4276.244917367984,3959.0445370805087,4315.372583540851,3385.464700783846,3423.033263854633,3366.6126974205204,3713.677750455645,4608.360855155839,5430.601308609673,6144.210324338995,3779.308308331056,3248.528576140935,3195.002338744752,4263.374796899176,4600.056821085385,3987.656911574718,3696.022725674064,3059.6556104219835,7775.684018997195
3162.2460875452734,6453.562088533863,5027.815169731371,4748.235225227428,4055.2731928153494,4266.591992267712,4147.8159561680295,3947.782918664173,4292.737560423776,3384.293730110864,3422.3310402455063,3359.4042253524362,3712.552669742513,4589.059719111681,5417.987916580368,6115.286846417882,3758.1274773484247,3248.243013400146,3189.530724512768,4256.602525485825,4570.385478424337,3984.3647400469686,3691.9488039406524,3059.1440821794995,7724.831847448586
3160.5601666780703,6435.113877647137,5019.59740686745,4712.895817205656,4051.654644372632,4263.654077258479,4081.383463992195,3941.3649313422156,4145.498274324691,3384.2028158149405,3421.188827546899,3349.652856822812,3710.176516251662,4583.73401233172,5407.686820520188,6081.012869155519,3751.300240009815,3241.6419719710934,3187.930105173499,4246.6485538249635,4559.140029728433,3984.345481892939,3681.3691823119952,3059.0838960778183,7632.548280967565
3157.8567809923397,6417.961692567429,5010.057030354596,4657.504259173907,4049.6008518539356,4245.83450735024,4032.59626451296,3921.9875026964783,4116.674869615173,3383.3407052117072,3420.842556513202,3324.668400043636,3705.380775758856,4571.696372329009,5398.528851568039,6057.708884662712,3717.897414002039,3239.4679048232942,3185.7339682466254,4242.420289285943,4531.659665167097,3979.019837125805,3665.5453226339387,3059.0838960778183,7551.129462546387
3155.5992736340986,6393.569852823632,5009.647447348156,4608.611693466767,4049.6008518539356,4245.114411714515,4015.9385512122185,3894.785858687424,4072.443804419222,3381.6228961362585,3416.7796847537334,3320.219707273609,3703.5788346785475,4567.814135736389,5390.746969081249,6057.139506410558,3704.8274551356058,3235.0428941064083,3185.6253073942253,4238.698412969467,4523.0317994153065,3974.15148163103,3657.9060655284284,3058.8667909137444,7530.1828298597575
3155.1508921171353,6369.548701708704,5008.684792928669,4594.8356504170315,4048.679356907921,4239.2349026663915,3982.4068480058345,3869.746403174674,4040.8007128946792,3381.37084359776,3414.153073093068,3316.639536138092,3701.1870685626145,4538.020091460867,5354.531482665606,6047.339180579115,3687.528879674468,3231.597581139713,3184.636535886173,4238.698412969467,4512.559323363423,3972.522077048504,3634.4615554257452,3058.223276692488,7519.579562166065
3145.422859291887,6360.924261877941,5001.405183762501,4582.220521535646,4048.100798109306,4236.694180437371,3939.0223149695794,3857.5067249978815,4029.7263554578194,3381.0453789107137,3407.393804990459,3311.6463184159684,3697.301517334749,4510.082058197688,5352.969521675748,6041.071128382619,3610.5176899210182,3227.680889377151,3183.0935857064546,4238.528534505242,4307.995192569184,3872.5752488142807,3625.5426424691723,3057.289652884318,7429.61417140266
3143.4228935537176,6357.194769565731,4907.223230901785,4556.9862084800525,4047.7075172066084,4234.706887365088,3886.5406697791504,3850.8916846059255,4008.308010030883,3380.613878600714,3404.623268655934,3302.8725824936255,3694.711020719324,4474.387747555626,5322.6631910966435,6040.642132496388,3573.097005987971,3221.7758757503375,3176.9820578481795,4227.690619395697,4220.236998788125,3860.664442053061,3615.245402216785,3057.284031029368,7395.551921753575
3142.6759277817573,6235.056136855122,4792.248343382309,4545.77807007552,4046.565401531992,4231.451791673116,3858.6754915425927,3846.4342996749465,4004.4690686335507,3379.5220256731272,3400.317274350712,3278.9296072704765,3690.857215300832,4473.335408843399,5307.692284366851,6025.238833289017,3546.711043085298,3218.1042215063117,3175.0215266283603,4223.330384386763,4153.8499628594955,3841.1259509421425,3611.595156842564,3057.0662354393635,7385.604451934658
3142.234735363269,6213.13997442578,4745.609744059416,4451.858015626576,4045.3901014443595,4221.689312317099,3818.416643959398,3845.4167082218255,3999.9415731944596,3367.6242186359523,3396.7492826290586,3273.2527762051204,3687.4537719469854,4472.266299831946,5307.265320038887,6011.284518672378,3494.874763589237,3209.8968271796925,3174.235787866274,4221.265560795404,4081.5989297753235,3824.4019894534986,3603.600179489372,3056.5984373578626,7379.405618419893
3140.506306946756,6187.38782418678,4691.196588961626,4397.959225823586,4042.6578901403477,4217.175676387947,3807.274488067468,3839.3430655426605,3995.2652695911997,3362.754754759729,3390.362180351008,3273.10926299545,3682.495616384428,4464.258365615196,5289.705888854271,6002.159605781618,3444.4390596333983,3201.6131958335154,3174.012570131466,4206.255264731873,4036.867392640874,3794.639239587278,3594.379104491768,3056.2938477437924,7355.021563979407
3139.926963812958,6179.370249716119,4628.4005227156495,4376.94570298522,4041.980723612633,4211.231347835326,3775.1729316412584,3823.946510663838,3992.8965509224067,3357.3857392883424,3388.7681117462816,3272.1954636147602,3679.065320345976,4464.258365615196,5272.409274376061,5972.4054440975615,3430.222710177325,3199.66728862146,3172.9394554496307,4196.565407155447,4006.129740892423,3785.9558212107386,3579.175096921077,3056.234591697433,7347.196394760568
3137.879721194772,6104.064111581565,4604.254341495171,4314.8163636759355,4041.069107098383,4209.247794778049,3775.1729316412584,3817.0152168840887,3977.743107957028,3354.8882182596117,3386.528900734406,3270.542422273489,3673.1963150118577,4450.349429972347,5272.189835757954,5962.974256398926,3404.5270538738605,3193.9481353602546,3172.462973316058,4193.149613309985,3965.9218375031733,3768.4522393734437,3573.3605773739164,3055.1141582493847,7318.94513309612
3136.5027930384176,6098.444709891865,4452.100538567,4303.549457295198,4040.615797808172,4207.252531772143,3762.2053814508276,3802.8434435520326,3913.2608763948783,3350.6843076716846,3384.67957754375,3266.255905624714,3667.647887273893,4435.458952351486,5272.189835757954,5957.8136575979515,3362.608362636248,3192.0647259991374,3171.7703059687256,4188.999894720186,3961.9583178463736,3744.290368621222,3568.696781643368,3054.919915691007,7318.94513309612
3134.888306796344,6081.413055773624,4436.82694000471,4276.700444434341,4039.794963603742,4205.1834953894695,3760.360761887705,3774.8272955187967,3901.5063736593247,3346.826917269513,3384.2508905078253,3263.0249341174895,3646.987570939295,4426.002849392261,5269.341958265961,5952.140979916656,3320.4333432860076,3189.2954288405053,3169.903548904639,4186.105329368656,3951.7149684261694,3726.75849652877,3561.644503218493,3054.556001923272,7318.271605786419
3132.037701252721,6062.851512908034,4436.03833739543,4224.905660966593,4039.6615567599224,4203.058761161515,3703.8453748657084,3761.6940408076425,3889.886490408451,3345.0886922814125,3383.8862467815807,3261.199987501651,3634.3297628943624,4419.840149961528,5268.222346578489,5944.237105031458,3223.066157010606,3188.995325930011,3169.903548904639,4175.314348617156,3903.8099352408117,3703.4680143786472,3558.6814589186765,3054.2776457274254,7295.063595746894
3129.590011184092,6052.3355398991425,4412.448746373331,4209.032935834783,4039.595919739784,4192.174453640053,3681.1299734019494,3736.5750275429596,3866.983229778873,3340.833188766367,3382.2407164925285,3256.8851203333975,3626.6285488781527,4399.68812854443,5266.637504396122,5915.181671379584,3208.902842096658,3188.701597564186,3167.7232977344356,4171.078306607533,3893.630309179252,3696.3540786113153,3558.2962456222435,3053.8155080237443,7267.265180087768
3126.688065695481,6026.086165649409,4406.03880419259,4194.8162891471475,4039.4677266753697,4179.210272740219,3678.3331220737555,3722.6644499015165,3853.5979084101914,3328.4070027068383,3381.9992543202507,3254.437204572471,3620.18185108948,4391.799667364112,5266.324335716457,5907.85218962505,3192.4998028792143,3188.701597564186,3166.9327586723043,4165.462426030174,3876.1614238362117,3685.546357496548,3557.509068750787,3053.7763386280785,7238.7678226103835
3124.1292486113216,5994.5387220086,4397.978714947926,4194.8162891471475,4037.8223296352376,4175.05422080288,3661.4785566184864,3722.0049579293104,3843.4803719449014,3312.9916963865953,3381.8887430469736,3252.532927740716,3612.5484552145876,4387.089821336946,5265.694910931563,5891.579411674811,3182.9986433624194,3187.3993157827263,3166.9120480502406,4156.6555693192,3872.429134286557,3671.50944340868,3553.881505175039,3053.3422369940754,7220.138135774276
3121.4912120735808,5982.255809899637,4373.01986051553,4183.447408473377,4036.7929630366552,4166.96779240686,3646.0814584917916,3714.5271758160366,3836.9597361055335,3291.492980119002,3379.7409347287535,3247.1324341641302,3608.882592330224,4386.547364212456,5263.6946585464375,5868.033803388365,3181.9972186139025,3150.034947946673,3166.692487559095,4153.93827843268,3872.0221446328314,3644.857744103901,3553.278996431584,3053.2532149465237,7200.985176233933
3117.27941292906,5980.286474374209,4370.613262649078,4164.16907924898,4036.3044575659255,4162.471835986765,3629.2811413803815,3707.454188107458,3829.460750546525,3275.0755069092,3377.8286152678893,3245.740738600816,3602.7771449212496,4375.282141624824,5260.599709724915,5856.006393059131,3179.933453739031,3134.2555102923566,3165.898485652907,4153.246975386317,3857.607102264746,3636.5677161180615,3552.841787200262,3053.144673779743,7170.556857645738
3113.234675880378,5943.123122421262,4366.0109075819355,4104.869512998069,4035.0631197534613,4161.662965787882,3624.9117468679938,3698.978108178016,3822.821818450284,3270.455049569226,3375.245161765899,3244.0589792506025,3596.275864348763,4367.129809195548,5178.136887749692,5840.417904884351,3177.556978190173,3126.6663624017056,3165.2623316173267,4152.995018350794,3857.607102264746,3625.574591354688,3549.759857084217,3053.144673779743,7108.8589093988
3107.160584591706,5943.07420582431,4365.84404813471,4102.721405675153,4032.7986562471497,4080.5738963172885,3620.2305016654373,3680.6283887399322,3815.518377622406,3252.684266774085,3361.282678344952,3242.5382865012893,3590.6752023146387,4353.017667261869,5148.516230505497,5818.673044795727,3177.246396044133,3116.465874291795,3164.882684277064,4151.573090305852,3857.182596898177,3620.1826807446896,3547.0941136414203,3053.140300017069,7085.498269953416
3105.784866328101,5929.605595882152,4355.335873192774,4075.852432591824,4031.487861778855,4077.4106490321465,3614.1190494436587,3677.0270513909145,3814.695378765091,3243.2945637600997,3343.3280045528836,3238.9535646885006,3587.3019074057083,4343.31157501049,5114.565405274419,5790.436670331268,3176.5120687289727,3097.8615333018793,3164.781424825661,4147.667995943788,3779.3026074543313,3613.5732938718884,3544.6579209983456,3052.7858217092544,7042.081680671259
3105.784866328101,5907.0957689856095,4352.229766208706,4029.9834646811905,4030.568764852761,4057.68711413266,3594.459338237912,3647.971285393953,3789.1220716181315,3235.6031395763857,3337.1630680943813,3237.046899948797,3585.4484637656983,4341.364678416705,5108.108417694646,5739.5249481760975,3175.755712076668,3085.5410816007766,3164.3066975223182,4140.776286667153,3717.9223681780586,3606.745744629796,3540.544063338677,3052.5393219227144,6979.785150739017
3104.867354744103,5898.897688712786,4351.772439326205,4026.7119642973416,4029.8076616993367,4038.9432921916764,3587.696873133784,3627.26654572611,3784.2137586418426,3234.3006179673484,3331.8080841579235,3234.983591474768,3584.958520373621,4340.983981992271,5092.32430564393,5706.048449492682,3175.391781026075,3074.888996816835,3163.828158536041,4135.731811283271,3711.2000558517084,3595.1560870020935,3535.219275719149,3052.3933430812494,6901.5626847808635
3104.6229239574727,5883.953634696899,4344.5054883681,4008.627252696793,4024.7876239947855,4026.935467456401,3570.503083282805,3612.3609421964757,3782.2078349192952,3232.730124647207,3330.2691910880567,3232.7206393418282,3580.1230330960802,4299.836929251174,5069.5056261961145,5704.473166672245,3175.028772058302,3067.564293439955,3163.016202607303,4134.182158022769,3704.4779826412455,3594.963088864734,3530.7886321969636,3050.958552158416,6735.371574243604
3104.224205794144,5767.7712198704085,4343.156201929832,3970.9847610617926,4023.872754736879,4014.1550584186293,3566.755954231219,3594.6089780113552,3780.180985449069,3230.892901279597,3329.9681123331457,3229.6889523871305,3568.92061083249,4281.720340967086,5067.0116906114345,5689.366106924321,3174.7689273890855,3059.2334704347945,3162.4024459016646,4132.141629206446,3698.143894724147,3591.713481530009,3515.807126473112,3050.497765569594,6677.214911167688
3103.9173710914747,5748.467449510509,4340.325307632982,3930.5341969138694,4015.133122801481,4008.475993261009,3563.6289435800036,3593.383077798997,3740.2281984565197,3226.622521210531,3329.325957256924,3227.339781340205,3567.5876146692735,4278.051540137621,5020.233019544798,5647.759501448589,3174.5182214152264,3052.0420680825628,3162.194027020935,4129.0501140246315,3692.241686073674,3582.2436396830662,3508.3861178883594,3049.897038926184,6621.623902799109
3102.1079787526437,5702.1779133699765,4327.094610655489,3903.639767180758,4010.9014497683575,3968.8127551700973,3555.922643873315,3573.0878689300935,3730.758235643757,3225.5390959567017,3327.0760725580617,3221.398106329529,3557.9319367012076,4276.863100377002,5008.848213081023,5647.3646464935555,3174.296177527996,3031.6012364932985,3161.3217903993695,4127.209716218711,3684.134136954079,3582.113249887149,3502.031399823659,3049.4593425088533,6580.2402100158215
3098.8384076762804,5684.374892018016,4323.068701093621,3892.714578118741,4007.5853461521115,3955.1340773983043,3554.0788505939295,3565.57711272205,3723.9944656307084,3225.065262338688,3326.977735186281,3216.991585935316,3553.7916596140567,4259.523519078837,4993.264106073592,5647.259850119848,3173.50445119333,3018.851071053437,3160.980372390606,4126.325844364883,3679.892293103139,3571.7361425417002,3494.7097427075287,3049.3487853069396,6547.766377002555
3097.57777363209,5599.933014136704,4320.934458008678,3866.943317071865,4007.07593461002,3932.390651515153,3549.3309774383247,3545.141108298888,3718.625753734893,3224.8211043304673,3325.1086155277735,3209.536441746282,3531.7981424428162,4252.118451564014,4979.066871761227,5646.305972600449,3172.9313084262694,3014.267792435317,3160.247160600129,4124.416406232009,3677.4910323885783,3551.3411455932874,3492.7942080169914,3049.1909368678807,6339.390547182971
3096.1464284309277,5504.918089765346,4320.716121458365,3858.957148687481,4006.17651103412,3927.2569375727962,3544.0048339803743,3539.5105040792155,3712.303850653886,3224.2073193359256,3323.634911679892,3203.4279256243635,3523.5898934160664,4243.071669206743,4970.132115896466,5643.70752732624,3171.7220737927937,3011.387241074375,3159.117877274327,4122.573106854197,3676.010360559191,3546.473032197777,3490.058686725057,3049.036269861889,6263.141399697341
3093.053209984147,5298.8174761319815,4302.3302270922195,3807.3269361035345,4003.346086127365,3891.524332165516,3540.119390175214,3537.767459394736,3708.431255087993,3224.071276512547,3323.2275379993725,3176.522041763645,3521.9711617713747,4149.800171182585,4928.046827065181,5640.768390068848,3170.2084948820802,3004.9140683146857,3159.0707314436804,4121.2730096624255,3667.9731638346043,3543.963725371771,3486.372679550605,3047.069343953078,6219.703421986991
3090.161409353521,5199.036534667467,4285.9036907737245,3753.362059658864,3994.2228383926276,3875.703153624558,3534.644277678529,3526.786169896653,3705.0311218069214,3222.6256131244436,3322.6537005187656,3160.253456141426,3511.304309945641,4125.580124167665,4915.289352843077,5612.154659087573,3168.917211375691,3004.9140683146857,3158.4608029467126,4120.675306678429,3645.303467336674,3536.910570927738,3480.680217273602,3045.6759874871386,6073.658308254963
3089.42692993979,5165.918464009728,4285.9036907737245,3736.730879335292,3991.2424485640267,3873.3632689387805,3528.17402296366,3525.8263060977392,3698.4489948251576,3222.6256131244436,3322.452101885314,3154.5003024330736,3503.5927955165625,4094.553193042364,4914.9385763990085,5600.953368530774,3168.4108406432542,3004.0024546554246,3158.0876533703868,4120.00842975528,3642.3420077732953,3524.3775186964717,3470.207456412454,3045.2424250051017,5938.485814325786
3088.4058126005493,5130.7316503314205,4284.59045167777,3718.5728111717726,3991.119851301542,3872.720639720179,3517.456924496294,3524.6355277637163,3692.5302658664305,3222.1564374893105,3321.9798262461936,3148.367443291167,3492.0187459550143,4030.436352819754,4875.042767307041,5583.069592891911,3167.7406786436663,3003.477609186962,3158.035157686304,4119.222664587303,3640.4738009884304,3516.189266506195,3447.192275715076,3044.773505671037,5899.867445261865
3083.4601801677995,5091.662213500242,4284.373421730799,3708.0124841754778,3991.1183109105223,3869.8563226246088,3507.46440642447,3508.0423651912624,3688.4598576910503,3221.561760924851,3321.148305627506,3143.9447619950943,3488.237390741992,4008.4937271386675,4864.09620571834,5565.699452335837,3162.9211187728315,3003.477609186962,3157.6661224235577,4118.898523111682,3638.0382118243224,3516.189266506195,3437.5023893040125,3044.371560624055,5847.57436971582
3079.6082087210334,5082.377717420744,4281.131593585172,3703.885064580589,3989.8882677926676,3862.7489842439563,3500.1425636133213,3501.4833340967753,3684.6435662706617,3220.505657019945,3289.649570444133,3139.0751161930566,3477.481431774313,3985.049453693807,4802.9034630152455,5548.356160441807,3162.0505099752972,3002.3227969128025,3157.5740494825095,4118.563276138981,3631.885312039059,3516.1665472632617,3422.4636728596465,3043.5553996882545,5772.5721808634735
3077.4795587124763,5030.059697062864,4277.585647499169,3665.791725523366,3986.6778305927273,3851.0679326869567,3497.262499587404,3489.4184146371713,3684.395656535,3219.447936527222,3286.7160284475985,3134.893341699434,3474.3206268615727,3919.1843722858816,4802.9034630152455,5532.966722843977,3160.30264932497,3001.3441578389165,3157.288500825861,4118.270659120422,3628.269062296651,3510.704359121446,3422.057615283663,3040.9963353332214,5734.511233148748
3075.9129971114,5003.320074611246,4273.535165736957,3649.0054843287994,3980.8153998281127,3844.8383922079292,3497.0979638710673,3484.3020345828236,3682.0894122330365,3219.0003851160077,3285.945324912236,3131.4879691254964,3471.2505080727915,3872.4049617376577,4802.873276605733,5530.072446257376,3158.5078921889294,3000.8749383276986,3157.1939280467896,4117.961345242444,3619.984650363901,3407.7412486306653,3421.0451544140788,3038.7576704701155,5655.027320717056
3073.8049615772507,4998.052639556237,4270.066948496686,3643.2965633017384,3976.361752883936,3839.516280439498,3486.4966838738137,3472.78947796307,3681.047870998844,3218.627409112093,3285.4318480159272,3128.7933841095282,3465.8816756978313,3863.7644117308396,4785.180286151572,5528.609839583939,3157.3013902803086,3000.6080846251543,3157.013770612157,4117.762882786175,3613.3158355297664,3407.566013177072,3420.9061872782445,3037.0887220164395,5639.4196644558815
3073.3831899064417,4990.356223218088,4266.821076128177,3640.2579685595833,3970.9446076919203,3830.108658602816,3459.8576914659893,3464.765176628115,3676.4434512643684,3218.284909286325,3284.731084369318,3128.1396807845786,3452.337877074454,3837.1278887685025,4782.806435207209,5527.333646292466,3153.5278584352995,2999.6518651025035,3156.913078302702,4117.671628570296,3610.794932887054,3401.804031235377,3420.36608261532,3036.0788597775545,5588.920533048677
3067.5340682145297,4980.549718507266,4264.87574751041,3635.5083537045894,3959.4847880533225,3825.8102355802894,3450.5964168384894,3454.754169571814,3673.927831232489,3216.8792957500364,3283.240831282479,3127.98416938256,3439.0479580569263,3820.2132918115076,4782.077603701121,5521.551955854737,3148.1938801785254,2999.3258807812517,3156.888746984606,4117.378945694851,3606.929616190555,3393.5175909617255,3368.2918164313314,3034.207033760125,5512.369236918154
3065.4412553078682,4979.953596811451,4263.941924345579,3625.96713006607,3953.1007193420755,3815.8042480635872,3447.5121224220084,3437.6705181866246,3672.67571471499,3215.5309231285833,3280.7937300791154,3127.2783035299963,3413.1996453555766,3775.491988468147,4778.954924597848,5496.535750445733,3140.5387601815037,2999.0002339944185,3155.90989402574,4117.139375227416,3602.91145029581,3386.6128099754255,3361.2428307388227,3033.9204554408716,5465.181743046074
3064.922521853994,4970.057146662057,4259.602940804183,3624.9668678126295,3946.911872514497,3808.268434744934,3446.511806635807,3436.850077608723,3669.715493419555,3212.4158603102956,3279.406351476074,3125.7113373821235,3406.6047789292925,3744.76806400896,4771.168017112247,5496.535750445733,3136.7659896016503,2998.609577444816,3155.500619996453,4117.019235110671,3601.9052669447656,3384.1530385061224,3335.703281154387,3033.4934953172205,5463.678940789305
3063.9449277550443,4959.677758318634,4258.815922898149,3617.9229304052224,3935.056445474276,3799.190266511396,3444.984588373496,3435.8392609883913,3667.199118855793,3205.0968104727094,3278.683784276329,3125.3055681652622,3401.9515309887224,3721.617162907054,4766.457122576381,5494.088067757253,3132.5243576334597,2998.3681944877376,3151.791831902634,4116.885900048295,3592.6166531775316,3381.3649449263103,3327.0162287432145,3029.712233416657,5449.819554565416
3062.7566638712124,4958.193375147345,4256.076447906922,3610.8298639407467,3926.204017717024,3787.239857631788,3434.661111544742,3431.9180604668077,3665.8246738198304,3203.5205870704835,3277.6049021243525,3124.2535596512776,3396.1683688480957,3688.98280241442,4763.351634826635,5374.124205459915,3122.5143135183403,2994.223438262753,3138.5410665410827,4116.677459388091,3586.631214917803,3377.918209442589,3320.404299840179,3025.0055642680945,5427.992162892361
3062.0171642352516,4954.832660914982,4254.411627971182,3608.7671529141016,3918.1353106422775,3777.705123360728,3432.110199180593,3429.2015788854565,3660.1749238063203,3202.16044600584,3277.3994601673844,3123.6552388039604,3390.1160918283285,3683.856072334028,4758.633446236731,5358.261048699014,3115.9738827233855,2985.603020973942,3137.45727642232,4116.344953591297,3567.402594477427,3370.6882201685903,3307.1577914145114,3022.8444036686583,5411.6139468871315
3061.0627492631284,4953.207803274689,4253.5760870482,3608.241012052629,3910.4212262264455,3764.4770636254193,3400.543223210542,3426.819541613979,3659.358653323895,3200.361183770822,3276.897988166274,3123.6081411662144,3388.723907933735,3677.273466392838,4755.926986410193,5337.165935520645,3108.5986024868253,2981.2153757725923,3136.0441366448613,4115.98575834648,3555.0305103286646,3369.1997281168624,3286.2697102764687,3021.240778929253,5369.499221048129
3054.280213595699,4951.005658977274,4253.518433112591,3599.6931345438074,3900.5992800505014,3759.2539033985404,3376.9670734529373,3415.966078612486,3658.821884924452,3197.712547354872,3276.7979027852016,3121.6383628314825,3384.9160199248827,3676.3165647166416,4753.990480533688,5323.076910462805,3105.0710293730767,2974.4763635373174,3135.9079911751505,4114.006780493444,3544.8068907305515,3360.2034756154767,3282.79268980646,3019.799094996899,5350.851246830225
3046.9746143188877,4944.057217301093,4252.548817742475,3598.4756694989874,3897.9640673593726,3754.632169865414,3367.403253987399,3410.5584493138026,3653.9055109835276,3195.457645285595,3276.426846674317,3121.523056751053,3383.3192371809573,3671.178693816598,4753.778792708397,5315.742506525799,3099.6918266338635,2961.804361891264,3135.44939660573,4111.747213457561,3527.2897888052435,3351.503940957408,3281.2465178042767,3019.1849309919276,5336.161435535816
3042.7042715865355,4938.812362695364,4252.078810959829,3597.1570119195176,3890.159616995068,3739.685089467288,3362.920653211058,3407.920362720308,3649.4027860637716,3192.9082070319637,3275.609969914248,3120.590472932554,3382.3240159172697,3636.710085881583,4748.342789557293,5307.744122462395,3099.6918266338635,2950.372211406161,3135.0452068706377,4110.360213879094,3526.053624402573,3346.659092137137,3277.091027292865,3016.917521010901,5302.662684776886
3039.694115163023,4937.583968468065,4251.628640478375,3595.9578643233604,3881.0292059760895,3735.737169356723,3324.572983103102,3401.204582564579,3644.2988142546624,3189.3997901333078,3270.8501775172244,3116.5643697126457,3381.7328142248098,3633.085921692296,4746.024762976557,5296.645723425688,3096.8720434044776,2932.5087621598327,3134.691784524054,4109.4654569863515,3519.1967561339725,3339.775227751001,3267.0608328185735,3012.9850785844046,5269.128119397552
3037.9317626306865,4929.402085178486,4251.187814864732,3595.2510381204647,3880.105116594791,3731.0175344523377,3324.254445054963,3395.513446329731,3643.54636926539,3183.2717478240443,3269.906420509621,3115.773930047576,3380.6414837949987,3622.856618056606,4742.993272108337,5292.380963133966,3094.73542772381,2921.9415124667603,3134.3750774207483,4107.688334255873,3517.908182261951,3329.675683778939,3264.377674464772,3012.5523802103135,5235.117035545748
3037.8143751482503,4929.074871560914,4250.871909324205,3595.0368923757073,3879.8188043962955,3731.0175344523377,3303.9293561005934,3392.877500035018,3637.017620704619,3177.542076056619,3268.8074886917284,3115.290714718907,3379.135316971292,3612.5690212099234,4740.155048443202,5287.683510084928,3094.1863561617165,2901.7032054470997,3134.3714510851705,4107.391186179619,3515.7250588678035,3323.4218788218977,3258.7204586512016,3012.3011522304605,5197.3095802114985
3035.6882191342706,4928.989035572262,4250.849704935896,3593.551476355151,3877.0312599432195,3708.732473302977,3294.935620568658,3389.74041281929,3633.3217388672674,3169.7820409921096,3266.5578149816156,3114.9274786367087,3379.0291645894035,3599.8383812023644,4737.320446166688,5280.367113114748,3091.9598447910676,2884.219119577925,3134.0146804444794,4106.320108604561,3512.3809374591383,3320.9228505819146,3245.5595277613556,3010.6526107800905,5174.595434612822
3032.573913661076,4927.7987243451225,4250.426386556943,3589.2152142323384,3874.2991813601757,3704.0863390272043,3289.7671561073457,3385.5510541265685,3629.9662757286314,3162.5017766229716,3264.995294552202,3113.3243295472703,3378.572986974007,3594.589910344945,4736.237626493918,5268.486783124765,3091.176180585256,2869.4905675311024,3133.5126658684367,4105.809318086688,3509.982169527158,3319.672868750529,3232.3890257576113,3008.9714508210886,5149.64825961669
3026.6836615282546,4927.640865724068,4250.183020261418,3588.918275732257,3872.3620427134883,3701.0857754915987,3287.923407165456,3382.79910049884,3620.750941591544,3159.37487977847,3263.398850543758,3113.1075093370555,3376.7602579696513,3593.4386474156395,4734.418654298004,5261.886209986127,3090.0822805790276,2862.000449547505,3133.141525203322,4104.469059973977,3509.379432202762,3317.171215928679,3227.459026731329,3008.4246034606726,5128.852656717075
3022.279464703234,4927.448391587437,4249.782959113989,3585.1526503685527,3871.4455315601463,3693.709655049366,3282.817094810358,3375.780221976108,3613.5633776368627,3157.27656706877,3262.0733730427833,3112.007427218695,3375.894753885955,3592.2216401195387,4732.9469174681435,5229.282888667756,3089.865683210458,2854.638065452171,3132.9416910867576,4104.3491708026495,3509.1222410453115,3314.51303135708,3208.249610225006,3008.073210460181,5076.097285090423
3017.5057913103565,4927.146049122677,4249.388029208014,3582.2743694691007,3870.7462492544164,3692.415071772011,3265.9596298204233,3365.0910570326632,3609.508733379242,3155.7559441298345,3261.066887932392,3110.6660455969977,3372.4464819626082,3591.5374402291222,4730.166200558047,5220.9874217221695,3089.204785317803,2853.5519150655737,3132.5303104327286,4103.288416780334,3509.000651682278,3313.182714473055,3198.130197715454,3006.891803738291,5046.6891108624495
3012.750290386235,4927.017907734818,4248.956292747964,3581.4517925175364,3866.904980286163,3690.7449463553976,3263.291624631126,3361.0293638351113,3594.5296599236935,3142.3792134572204,3258.5687508570977,3110.0014069038134,3371.931210258819,3584.9051646858798,4726.298057087389,5216.607119073092,3088.041997788803,2853.358481316797,3132.154686630347,4092.4662910468373,3508.9493656617096,3310.6775657062526,3197.4030911586547,3006.1818705531814,5004.791991890922
3009.935967203879,4926.574502128075,4248.533946087484,3580.3271796201607,3864.953018358907,3690.55543245385,3253.7706595890445,3358.2890671829778,3577.129850867357,3135.945905188286,3257.6808214858356,3109.2574726837465,3370.2125434612344,3583.7724610173054,4725.692123157943,5215.020531997612,3087.1572321244294,2853.051348286463,3131.459338425764,4090.04836595324,3508.9391146012617,3305.3346197502315,3194.5901873784896,3004.4591081284434,4954.886984697076
3008.394413014896,4926.189772590444,4248.077721460794,3578.7203625353,3863.4600006204496,3690.1866426144284,3239.895192747706,3355.9053301699996,3562.815077521023,3128.835088793903,3257.4519026281637,3107.7331048908914,3365.8361006921127,3581.8542154474935,4718.364233071993,5207.970289877997,3086.4947981895807,2852.7830106205333,3130.5750692778756,4086.725277632061,3508.5642665540827,3303.0821079864145,3191.9273677499864,3003.236415097863,4909.795945712702
3008.3397789260475,4925.828405584932,4247.647859064516,3576.2633237691634,3862.6523406444185,3690.0512581898665,3229.079267501441,3351.667689581961,3555.4943043220483,3121.0818945836845,3257.2666989432655,3102.166259525794,3364.5366923421493,3579.3285863360798,4710.639891771738,5205.8352907073595,3085.6965129848368,2851.3363280907042,3130.025303974431,4084.591686898479,3508.2289664679324,3302.018545874541,3189.07488515389,3002.6378885699514,4858.188945772038
3007.9635576903333,4925.230918020693,4247.152685048998,3574.5467957770543,3860.721713545554,3689.768132818523,3220.5442992772782,3349.553450211688,3552.8744533216736,3118.7034571095865,3257.1109930803877,3101.1560788291686,3364.1049434128913,3578.59181711538,4705.403307098282,5202.893925527736,3085.6965129848368,2851.07499379648,3128.804119586255,4083.534304309165,3508.158128931276,3301.04791603751,3188.412134530541,3000.9363042843897,4813.8897207319305
3004.3362320006945,4924.816820805788,4246.696918229127,3573.1236979284367,3839.6868687084548,3689.3919516336305,3201.395411717206,3347.729632194061,3552.8744533216736,3116.17518724003,3255.7349316702134,3099.584360404831,3363.043859175697,3577.854859916878,4699.040479649241,5201.28546973281,3084.0990851085926,2850.7025633581015,3128.1828198373432,4081.515742329005,3506.9664139300708,3299.5566762068197,3186.573801237532,3000.5814393424284,4779.472668998393
3001.8046348380803,4923.967943406834,4245.995080900179,3570.157508083946,3839.454435996239,3688.418102868549,3193.2071947405166,3342.88346104613,3549.193887674991,3115.5676164259403,3255.0037622028835,3096.3939639272157,3361.568574472535,3576.98439613408,4696.488673873042,5196.201419023375,3083.714034136468,2849.126266351558,3127.8091477511475,4080.5180033731676,3506.5020346697315,3298.439427640483,3186.2800765832594,2999.960795152481,4714.080738372648
3000.6051334610947,4923.202548105257,4233.797582341247,3566.567082783197,3839.454435996239,3687.24958610257,3187.125094699926,3332.011228845633,3542.2318179105296,3109.713487732228,3254.3740995258368,3094.432523623403,3360.8012260814758,3576.577131221443,4692.6888144993,5169.65532380775,3082.3009816952354,2847.5465470107733,3127.1141454005347,4079.092466189307,3506.1495117439363,3296.6541839572656,3185.887994263725,2998.7910213729924,4677.652526315811
2997.9007529048645,4922.359836630227,4226.970388570632,3562.57776666483,3839.205947139483,3681.812480264184,3186.3399331801056,3329.105170417466,3539.2135917994988,3106.943034314245,3253.5161208346335,3092.2545337566253,3359.922019003695,3550.0049789655195,4689.79109350573,5157.869938934278,3080.9945280405273,2846.832903466117,3126.8250726795586,4077.423079612722,3505.559541907338,3295.8981580076506,3184.7119562685875,2998.0218901952885,4639.047826834068
2994.6450748230454,4921.205941415128,4219.267990976158,3560.6421113582655,3839.024819474668,3680.37198564616,3185.017868845189,3325.1787046882396,3534.782854635352,3105.86910450482,3253.0825976543765,3090.275439428523,3358.6623553091704,3516.015068733481,4688.947227700775,5136.554833788997,3080.244653934451,2846.1247315715173,3126.4225985765725,4076.245699874832,3505.129032338709,3294.102204597173,3184.089000067601,2997.411853139838,4617.320860397994
2992.9665274606486,4920.722112823318,4209.566113246676,3556.7400037356856,3838.8524505521173,3679.2123039755957,3178.250645617999,3319.1630314899794,3533.8012131870446,3104.387383686618,3252.523905098801,3088.665780971076,3358.373738118276,3464.729912809281,4687.504087614623,5119.322976942811,3079.1266642346873,2845.5122786448555,3126.1416542567526,4075.598254560941,3505.052210673354,3290.2889678720658,3182.496804490259,2996.6602458118286,4598.457703695275
2989.618956325279,4920.033822854963,4200.323006628556,3551.4675894005322,3838.7849887362436,3677.0331225086225,3176.614677567984,3317.0121461292715,3529.482518975335,3102.4575555246292,3251.389425384364,3085.2016191736075,3356.866085597403,3438.1245496821357,4640.267648606348,5106.9575108054505,3078.9750916232665,2844.941768853178,3124.8270193344715,4075.244028596518,3504.735962951564,3286.5783715046123,3181.3979197629596,2995.0004187247596,4581.887335001544
2988.2461100194687,4919.071519514088,4192.278372009152,3548.0625920887487,3838.4090130656823,3675.423421787723,3174.3289666421947,3312.731898150392,3524.6318329765154,3101.669181973938,3248.714653078163,3084.21261600869,3355.6449623906683,3413.443301967682,4636.707467436847,5100.773452588728,3078.741418337523,2844.4348243219247,3123.903699311936,4069.363634290791,3504.636768496979,3284.4532446893827,3180.597242109241,2992.4704553780803,4566.435884733057
2986.6305253834144,4918.741670943508,4169.684915180438,3541.30169382049,3838.1985760523585,3673.0748651188064,3171.808301619082,3308.916643229408,3520.4086991702334,3100.23035327696,3246.673225724739,3083.936154832136,3353.636120570011,3398.3264331252194,4613.112198814864,5092.331792504952,3078.6604247478954,2843.915606393449,3122.8323486580657,4061.2437747550603,3478.8067847968478,3282.8046544709114,3180.055222094187,2991.5169964515408,4559.649468625319
2984.3597763810876,4918.6589746306745,4156.040863533286,3528.4881098559604,3833.9665412197965,3671.3051672532442,3167.653158723255,3307.439204257018,3518.9141476983577,3099.2504592130335,3244.4571632503953,3083.3313679882435,3348.822541541106,3394.09088126975,4607.074395106248,5091.497016484496,3078.046645300847,2843.5719296137104,3121.7111842813692,4055.6776427614527,3474.3294202155944,3277.482730081142,3179.4019669805566,2991.043616047775,4552.976649954832
2984.056875125269,4918.009542140948,4140.642107314299,3521.341630872522,3832.4590126792186,3668.7841118336037,3160.378002216047,3305.661414292429,3517.2600525071393,3098.6848747759827,3243.0649871731375,3082.548382585562,3346.347713592872,3388.335805136715,4597.402650391377,5033.148346692253,3077.898201967232,2843.391865955574,3120.7238503015897,4052.89129394237,3468.1787105462727,3274.6693666069277,3178.805739399083,2990.3684454929826,4546.912093367602
2983.344721358524,4917.17022553033,4122.873677567341,3520.927197842777,3830.769733749873,3665.9492749020174,3144.485851190988,3295.9965249081133,3511.9504814211564,3096.927482201085,3242.516515300007,3082.4437507390267,3345.503256362953,3383.4434627110554,4594.430085979773,5008.052193679905,3076.4381052804065,2843.162676789796,3120.1186421990215,4043.3381480346393,3462.3585653159344,3273.356292943532,3178.0062897725793,2989.370835965562,4545.71354081491
2983.1264792974202,4916.321214176399,4105.971250666158,3517.562263888785,3829.6586938771115,3662.5386191742055,3141.0785790224863,3293.4855779953577,3507.571376031575,3096.493479995287,3241.913340860521,3080.5839350664037,3341.6714993236324,3381.261723623997,4593.751361097495,4978.676560434134,3074.630838113888,2843.1257883119233,3119.504475910731,4035.3387553233415,3449.8288740907337,3273.2335239615563,3168.614752440339,2989.293147583373,4545.71354081491
2983.006981354718,4915.861804237735,4089.267482710382,3508.1485575244224,3827.1726794277283,3657.7091589749734,3136.5557949168815,3291.9201324990786,3506.079293306028,3096.05025548262,3241.334238561227,3080.2706644722134,3337.5628922340884,3373.941225014464,4072.227068081566,4952.994739964935,3073.3824129471695,2842.8848064127833,3118.660688270534,4025.0992649484742,3447.7789703976014,3273.183640511591,3164.379117306493,2988.9162636324595,4540.799863862116
2982.733055943766,4915.293929953832,4079.417792784492,3506.2635805389414,3824.7700640775547,3653.29449299533,3130.830055194975,3286.265801091801,3504.840605864246,3095.668463069439,3241.2490768300586,3080.0074220802217,3335.3580187350626,3367.7352284784647,4015.289319603404,4933.41164171217,3072.4561486044445,2842.0586450819637,3117.463349771478,4008.186250763602,3444.814695460773,3268.7512374735184,3162.7789747496386,2988.2321613756585,4538.161692849131
2982.5832426736433,4914.743488109052,4067.665395406598,3495.7460904459867,3823.0462395297905,3651.961734098624,3128.1568788014606,3281.6893144017877,3499.054684502553,3093.9424675702294,3241.1672242187706,3079.86637172047,3333.491812006246,3358.995818789406,3839.423792301096,4925.020514407528,3071.736025042728,2838.23051329407,3116.851013394617,3999.675369363424,3440.16951382789,3267.9657901501423,3160.7609312272953,2987.7300660076867,4533.574527669001
2982.3678753624336,4913.973109018144,4063.3133591896153,3473.958371346752,3817.6856932526653,3646.1377345636233,3125.77773375407,3279.6770968239525,3492.373800553052,3093.21143643082,3241.0639896877256,3079.682753079581,3331.519006170365,3344.608051629776,3810.4454287992385,4913.063448787728,3070.8379731842465,2832.6852333809966,3116.447595100378,3996.5151044655904,3436.7840510057717,3267.6455951700127,3159.2640214248104,2987.281779334614,4527.056584275293
2980.3694806650624,4831.63543978673,4059.781190782322,3451.291540237642,3812.094468509408,3645.132424224721,3122.8905837887582,3277.4025724082812,3486.404834185945,3092.8208043701616,3241.033660028574,3079.407576327637,3331.2667704821697,3339.0378508075887,3795.6627946953395,4899.569374953362,3070.2014627810354,2829.268976420397,3116.3466598098375,3979.1581547208452,3429.3315698161928,3265.848666720303,3149.723447192345,2986.7546132616917,4521.552398174105
2979.56006312377,4798.589891611769,4052.9304488641174,3429.6227634505935,3808.318787030839,3641.155542681642,3078.427392050842,3276.733872718516,3479.4906161513,3091.746885871071,3240.94253712032,3078.9405632305784,3331.220592219816,3333.1617323438572,3779.454324361685,4894.604791484166,3069.805465682407,2825.3213537455404,3116.204317660304,3971.803404748935,3423.81739404984,3265.077563483709,3144.861268155244,2985.1903766948362,4513.881157070483
2979.494560031831,4748.852847661052,4044.067864160875,3425.1897742043666,3802.984711363024,3634.929733051924,3033.928192849844,3271.135764951753,3472.836881332335,3089.389085165769,3240.8586680398103,3078.6130549001336,3331.192722586058,3328.08800901117,3769.2578581331836,4891.3502853006285,3069.7599257875163,2823.9057263986815,3115.9975739379947,3971.625530049103,3419.8401505614484,3264.740907379891,3137.5181030344447,2984.2080129193905,4511.706163715115
2979.4777320952735,4721.3198636844,4039.142018299377,3421.0052364625603,3801.4185854730918,3633.609730038711,3030.855727838998,3270.620343172066,3467.907517448356,3087.0356186298945,3240.5710756389835,3078.179654065878,3331.1172221884685,3325.452652834252,3757.6793282152794,4889.108749676303,3069.705535005309,2821.136331877156,3115.363930477178,3969.0135280864088,3415.299653156303,3264.490954772167,3132.4905778345537,2982.5357961218447,4509.4863892892245
2979.321689254856,4664.091680985708,4034.4311533023697,3416.6770690416515,3800.350914486214,3629.428877770458,3012.8805865395607,3270.0140397518962,3466.042973785831,3085.8771578333008,3239.8870052672078,3078.0041157596424,3331.094911516317,3323.0227399521764,3739.315659834037,4885.3290231538285,3006.494834526297,2820.0034202917986,3114.6576160329346,3963.9545162163085,3410.924619264577,3260.9560516698807,3130.2556708613815,2981.404930325555,4509.1877992512855
2977.6561810408484,4553.869930784251,4028.6212135917967,3409.2867437068276,3798.314619886549,3626.040299614611,2983.620145449137,3269.759726623298,3464.2518022694176,3085.3174802728613,3239.2247266700288,3077.6962704723082,3331.060465599204,3320.5426290960077,3736.6864384025666,4883.886133424625,3002.0770959832616,2819.277394595019,3114.031690275159,3962.304218595807,3410.064784071778,3259.886179023223,3129.8747771071417,2979.4969682652404,4503.559418615423
2975.972406255681,4498.353085148627,4024.765004876709,3402.435784705108,3798.305129977629,3624.178385675985,2971.039799475837,3268.455980681681,3463.575188203791,3084.43835898843,3238.503946206263,3077.404421390751,3331.034407553285,3318.0790163136453,3730.234380645209,4879.986268871562,2999.3309458108356,2815.6461757759694,3105.381387027708,3958.7145614767546,3405.9557992230016,3259.67579978267,3129.8601729009747,2979.2376245322275,4497.751758341211
2975.1381522978627,4384.9474538777695,4021.3617642973113,3400.421086985043,3798.2944646344704,3623.997423051815,2965.8378346994714,3267.8028022062354,3462.153455091839,3083.6485111813445,3237.7252156809154,3076.7732060655726,3330.9024812749103,3316.4216590194346,3728.4034927238513,4878.7370300839575,2996.7383550877057,2812.88904047504,3095.4007827837268,3953.5073705227205,3404.544560966163,3259.204239670981,3129.8266857278495,2978.1840674505347,4493.822525107333
2973.855631313483,4329.846606483642,4018.502493179419,3399.7499639661955,3798.282628175656,3621.655194969318,2964.9521202818664,3266.8182423084636,3461.277928363743,3083.2272519444537,3237.136062028923,3076.502588973362,3330.8371645550938,3314.740042683633,3719.8851964709365,4878.683354106041,2995.3650417527924,2812.0644579675486,3089.898207365461,3952.0595851814905,3403.9129444817354,3258.808709899242,3129.550342739173,2977.7272206824346,4489.500588375344
2972.475948429698,4269.191736385303,4014.4327884473796,3399.07618661384,3792.2871625577736,3620.372181606958,2961.7484404614816,3266.3474094911167,3461.042143581791,3082.7940375054704,3236.827192759927,3076.2252520729035,3330.788777393675,3312.9720319615794,3717.353470009889,4878.647081073515,2971.585608364442,2810.753621516996,3087.1988682559454,3914.6687216314385,3403.1787929625466,3258.5905784376346,3128.2615573639473,2977.402067281234,4483.96977343993
2971.7125973372567,4214.89986697713,4007.3182523917035,3392.4747129240027,3786.2845670583542,3617.5996957064926,2959.185222259163,3266.1694930200547,3460.402728148334,3082.223736481111,3226.6566493222695,3076.0038327258326,3330.7377145652817,3311.734736034029,3713.117388248964,4878.275049001188,2959.334736602861,2809.5024475497485,3086.726830203604,3911.910651617055,3401.6939268429514,3258.0416198829826,3118.9514919715375,2977.2149486644703,4480.039205447164
2970.4758327174036,4082.6178473100326,4001.8145603667294,3391.3118369534814,3782.624361298971,3616.3056774387487,2958.3796865435816,3266.120654986356,3455.052253682164,3082.011989839897,3223.2383557465505,3064.4823549659072,3330.70733107347,3309.261662221214,3703.599842854818,4878.009438795038,2947.696003781017,2808.6746058366775,3084.990640246918,3909.769465983431,3400.844720363069,3257.568029546908,3118.3641711933556,2977.011261983922,4477.713925427925
2968.217391520014,3900.9221289819816,3989.7765577409114,3390.4441287324776,3776.6027924755276,3612.3109177055067,2955.564171196823,3266.0833415184015,3452.9329840462588,3081.478715864053,3220.6607315678825,3058.7171201578226,3326.6438454901163,3308.394826246912,3687.7539278341974,4877.7348956555325,2942.7946918649614,2808.422431532198,3084.608177306591,3909.5879085504052,3399.2020090739366,3257.093633722183,3117.902660894064,2976.8592517085535,4465.2980879640945
2967.627077804941,3774.2520491482674,3980.5193951798637,3379.1063168090877,3770.447158086253,3610.1446861911513,2952.22485935693,3265.932571980707,3443.040624551344,3080.9873443441857,3207.789531436747,3057.9375437701096,3326.0149360313508,3307.6146306727587,3675.9797588802376,4877.011389222571,2938.684292565345,2808.2811398330355,3083.6178859398146,3908.796789119731,3398.500932726746,3256.7008063822245,3117.6436862079263,2976.805522736476,4463.253864797815
2965.9767241445493,3651.9640530954443,3971.9074501356226,3376.3189590004185,3765.310261345405,3607.717411531112,2951.14377848267,3265.8002655566206,3440.7367759719227,3080.7966438339945,3199.2176014978686,3055.4696933423816,3325.9527247376295,3305.8671283520766,3672.642767520435,4780.743144269791,2934.3386301967107,2807.9383094346517,3080.576867194278,3908.2912893803295,3398.0710649004077,3255.9312748625184,3117.512398322201,2976.7598804003082,4459.704851713948
2964.3002039760577,3567.3333896038403,3966.2331750563317,3373.186127140969,3757.7212267499835,3605.8703585625644,2950.1005158660446,3265.702594595359,3437.936830351976,3080.430299810446,3193.5752792361495,3054.467791240127,3325.672954907003,3304.7220587170195,3672.439782972224,4780.612026020368,2931.8324144556236,2805.370999643411,3073.431160420748,3906.0164534170417,3396.753740800492,3255.601799284011,3117.3419157840963,2976.7204787003484,4457.757061855757
2962.8790567379033,3528.535150933627,3954.5740830242094,3371.0558884060765,3745.571899811012,3599.431238470369,2949.4039853066356,3265.593525737952,3435.756674787891,3079.6991030445606,3192.32066340071,3054.2651038417803,3325.4883897617938,3303.438316048581,3671.97396704703,4780.237523796157,2928.6015624740694,2804.3630130858155,3068.2456914161794,3903.6435328621274,3392.7969501827465,3254.756967544537,3116.981935012434,2976.7083419194023,4452.166994675437
2961.5517997235584,3513.0013233860877,3947.4508851182404,3365.8727749963605,3741.1348512919485,3567.5745393169996,2949.252385937401,3265.45831953788,3429.0838846032048,3079.338767245587,3189.4537741216136,3050.74237076609,3325.28467326691,3301.1627557441466,3671.2421543902738,4748.532226244242,2926.5499550087793,2803.8642642983423,3065.9837829068615,3901.932384134518,3391.121286657015,3254.480314165368,3116.8946457484753,2976.350647012168,4450.0323422997035
2960.714017054356,3509.2730139543623,3944.1010450771737,3336.902431772928,3738.2774210296307,3551.282438581636,2928.7947272632123,3265.3727544716253,3426.7077836156614,3078.725469515588,3185.164138670385,3050.0145332262914,3316.461217811089,3300.031284537215,3667.969577031032,4741.75822897655,2920.1568206717184,2803.1080628301033,3054.7650760482293,3900.3313489859056,3389.6711478672096,3254.239269960767,3113.3607578480596,2976.320842340695,4448.583776822419
2959.864046203319,3502.5185445475304,3937.635006616433,3326.742388393113,3736.0983383672483,3543.129225742834,2924.4189707544892,3265.2227937294783,3423.7465038289815,3071.0264144045113,3183.034158917511,3049.248919447993,3315.2577146653625,3297.8892254292514,3666.153360461574,4739.633472397369,2918.6528014072724,2802.487597896118,3038.6566087872325,3898.3484234185426,3389.014464076354,3253.745765624448,3112.2642353100427,2976.1307563639502,4447.677256558977
2959.2976978452325,3499.0081312768452,3931.3249761948623,3315.9283907653216,3731.9187708710806,3533.40265718483,2919.311508750977,3265.117114862478,3412.326998775075,3061.284892192615,3171.131810221408,3048.968386690311,3312.648262737321,3297.0172409314246,3665.7404710616465,4736.0209942773545,2918.594916578841,2801.989596077161,3032.690324554971,3896.2272186708105,3388.3524447600284,3253.5181823758967,3111.610636969559,2975.962404048648,4445.404235300373
2958.9785361885806,3495.7975174648313,3925.559805090384,3308.877520623359,3731.2068482196737,3524.2228233837413,2913.6097677539806,3264.952492380994,3409.047934278893,3059.1652697994496,3165.66796014444,3048.826519901626,3311.2152676710066,3296.5551927065662,3663.454356609168,4733.0153073552465,2918.5620815521243,2801.80093806528,3031.954483065655,3894.008521406337,3387.7628740428186,3240.0022122128007,3110.147177095969,2975.372791055379,4437.971078100302
2956.1998199989102,3491.168230552212,3918.926490179221,3303.6181221211014,3731.1821442274613,3516.5697085330858,2908.0656106286124,3264.840658967929,3405.4421470276507,3056.7665060893655,3162.372828986499,3048.5302673811257,3309.960672879314,3295.17365534994,3662.220014029259,4729.16478461058,2918.4895694753413,2801.568661694172,3029.4521806260805,3892.0129167841674,3387.589720707445,3237.2121076694402,3109.5729196286875,2974.9804052302884,4435.320528659167
2954.748472684532,3487.000084683339,3909.0008641702752,3303.104490749285,3731.1729849256863,3509.635941707854,2906.5083965372282,3264.751147132006,3402.1462885700907,3055.732184131937,3161.0933650514926,3048.243526617107,3309.5281883653256,3295.0661846351827,3660.7857503076225,4726.5513108326395,2918.2290823326475,2801.253596696659,3028.5694414501086,3890.5888850901056,3387.547348302452,3236.013923487726,3105.8211625634367,2974.6416949729028,4412.409192549104
2953.475779045604,3486.6916879553446,3901.236888581021,3298.2274902020054,3731.1707836954915,3505.7906230216427,2901.7995648197607,3264.692600220959,3399.683811571974,3055.127336657066,3159.847349315914,3048.0907955065804,3308.876350551627,3294.409321050058,3660.2323614811216,4724.4351588195905,2918.0465053231583,2801.0171600346257,3027.8885906730197,3887.650318831158,3387.485024216518,3231.849340763472,3104.7272065575316,2974.4288110944613,4397.314203342524
2951.935955330336,3482.7744364347705,3895.446786667538,3296.9440823167415,3731.103259240178,3504.4416482637016,2901.101245785834,3264.476638889273,3397.8175809742065,3054.080756684171,3158.880780476556,3047.863496138052,3307.168763731029,3291.2777080179535,3644.9012514752358,4722.823007416782,2917.914279047275,2800.839337203305,3023.06903478218,3885.747219506862,3381.3150283036703,3229.032158688622,3103.5551329297004,2974.3262236174533,4380.459106699011
2951.0471742703658,3481.3935923282843,3887.7981646551734,3271.671563769241,3731.078121616281,3502.6475713920154,2900.882326343491,3264.3505676130853,3395.5060499193023,3053.2511479702125,3158.487984408507,3047.5121305816347,3307.022725469599,3290.48714197709,3644.8243715026265,4721.122886482082,2917.8306717014407,2800.7738645154845,3021.807772815253,3883.607051440727,3379.835607528548,3225.1819437512836,3102.7381648516866,2974.1677816946185,4369.4121679458685
2950.7090151290176,3480.5267812924935,3885.047051779995,3268.176063441427,3731.0457844811795,3488.3610829663053,2899.805376516953,3264.323293218122,3394.063864638205,3052.52298362597,3157.3654297733938,3046.940505647812,3305.8620047399077,3289.8495993614233,3643.7266164614257,4717.220616480814,2917.7498859963853,2800.7351351369534,3020.6854268095535,3882.5677790998816,3377.7685271071723,3220.4872532180157,3102.2006530367416,2974.115700851333,4359.627210992718
2950.4191534590846,3479.8614229751593,3881.946729201063,3259.323392491935,3730.982235924175,3372.9567484097674,2898.2910945425588,3261.2448586047076,3393.180618433158,3052.06904122204,3156.993224523659,3045.065741771172,3302.8285738951636,3289.2298045507478,3642.8752597421108,4713.388667961736,2917.5735287801804,2800.7080682338715,3017.987977071127,3880.730263355606,3376.6653831558983,3215.4642837256756,3101.8152538629543,2974.088930677306,4354.050200161029
2948.861199926751,3479.09076715668,3874.7590538545787,3249.171882680468,3730.1646542348735,3348.2045909039794,2897.418610609975,3260.8978314488986,3370.688727461567,3051.74260564622,3156.7059524822107,3043.688798665649,3301.560292890583,3287.6327638172975,3641.72505747799,4710.404739821393,2917.462032379418,2795.2717524116097,3016.1429529532525,3871.800845611134,3360.901951006025,3214.5741160236457,3101.577512876059,2974.0467036297314,4340.9619965487445
2948.753510169719,3472.0792083818637,3864.2063839015054,3247.9318855783176,3718.8239217683126,3340.8485946382957,2897.266957546681,3260.7347350757886,3364.9791095861906,3051.333538644999,3156.295576280996,3042.513996113724,3300.6551272011898,3287.4416176542954,3641.446135630964,4707.844221815835,2917.3797486386165,2795.226525023934,3015.270889218676,3867.5485469776386,3359.6579288132616,3214.0410017992117,3093.444795378101,2974.002221067857,4339.991823144527
2947.194574614405,3466.4039539651167,3858.939987713797,3247.655043510823,3718.6741350930038,3333.2592107342125,2895.7643139000184,3260.680738522281,3359.883282855086,3050.5859879397613,3156.1645077902335,3042.3612092959625,3299.0669044923384,3286.9800992306227,3641.368607433677,4705.118070070303,2917.3324175799517,2794.7901968591777,3014.521708142108,3866.2206384897163,3357.1594404858897,3213.781408605957,3091.027630107234,2973.9399074818984,4336.388885187809
2939.7073627973305,3461.152225008329,3852.3673189520123,3246.396350840804,3706.904896956034,3327.48379209371,2880.7492086580623,3259.893194453946,3358.976272950139,3050.336023164308,3156.0245413715825,3042.317240287656,3295.621580430945,3286.9066090828583,3641.19575761563,4701.921326634616,2917.3218702457125,2794.6892995454555,3014.0882811218403,3865.883532856807,3355.107034816319,3213.369445626864,3090.7954302904027,2973.8884482186572,4333.765632404093
2938.5071185580205,3455.2588092359056,3845.4020681510015,3245.5146596011227,3701.521648376781,3324.273737832809,2879.862807520961,3258.515249644661,3355.0231925838525,3050.232642639624,3150.7208972304556,3042.085462107485,3294.6678815786754,3286.831959765499,3631.4846377615677,4700.405657815136,2917.3177363110726,2794.2774440337844,3013.311912496094,3865.5172866781895,3354.4138825205882,3212.323305242173,3090.661680716989,2973.7800331166313,4332.38198453798
2937.8307229618795,3451.8719571001848,3837.9515874321633,3244.5939189404007,3698.951416699895,3323.3330843611484,2879.636053201606,3257.694532383124,3350.863546066353,3050.1642540224593,3149.840865384417,3041.884165233162,3292.5031339865673,3286.706356855835,3629.611536445977,4697.299253236882,2911.73142686994,2792.475107681239,3012.942842560485,3862.9239328397384,3350.4848368653884,3211.777125916724,3090.1429431291517,2972.964992267877,4329.585838837522
2932.1820687443656,3449.3190557901708,3835.2661307402695,3241.8106535630823,3696.6421508908743,3312.6694245062304,2879.3491983161275,3257.332478513975,3347.5049885748977,3049.970373220574,3148.6919985956188,3041.5596893389657,3291.9485574254722,3280.27186005627,3628.2919666394137,4694.807923318118,2909.9668525031852,2792.272820891677,3012.7343081717563,3862.3247953252767,3349.4450530441154,3210.299093228341,3089.9338086488046,2972.5535228364315,4321.013225197665
2927.6163029761583,3446.1114561013555,3830.1089565863767,3241.065911877835,3693.2181273701453,3297.345599014063,2877.99327142977,3256.992865841199,3334.9887624143294,3049.937165352753,3148.377808952904,3041.447063939746,3290.999100514581,3279.8948009468477,3627.1713681603355,4692.31990079923,2907.866390645054,2792.110636977618,3009.2273121101152,3861.7711886316247,3348.0180373979993,3209.9955577448545,3089.5463145736258,2972.485874668378,4319.295877804709
2926.4985514981563,3442.2755376035534,3822.3063739551308,3240.2650244425245,3690.5722422351128,3293.4929552723647,2877.783904466092,3254.558875485467,3332.8717472943563,3044.5470329055106,3147.858554751137,3041.2747664464987,3289.964841403296,3279.4550506287546,3625.896096291961,4690.9055360811835,2907.6272445915392,2792.0422160822627,3008.0183201725436,3860.960100904104,3347.3302976768314,3206.432921429988,3089.389008276544,2972.319196868399,4318.9485021282
2924.4581735192714,3439.6801275295275,3815.7083508442547,3232.881443509059,3689.7890177488384,3289.1190135438583,2877.5754886311306,3254.46976331196,3330.2003800715565,3041.760654181459,3147.4569159434086,3041.221951012518,3289.6285451718422,3279.005975165609,3618.6311840157678,4689.869477468837,2906.915580563066,2791.994200726442,3006.7029821183633,3860.6350243150114,3338.6716325795114,3204.7149417536893,3089.1499915012396,2972.272061023476,4317.291912466699
2923.3012288327245,3438.04534162419,3802.809658860522,3228.7810749498085,3689.681570046927,3287.0073644963145,2877.480256503576,3252.4951625784724,3328.087972747154,3041.1923762808365,3146.467772208769,3033.201011787206,3288.9637598522004,3278.31147780284,3617.001966378449,4688.713754988159,2906.418683415038,2791.9399883911997,3006.4771649209065,3859.9871540778186,3334.4855487515083,3203.156743509008,3089.066286004448,2972.233498265096,4316.829949077623
2922.9648022985257,3436.181510657295,3796.8606190282417,3225.3464333206766,3689.1927531532333,3284.007192504577,2873.549759616799,3251.645127031972,3326.8867552699576,3040.465680836815,3146.2689196341057,3032.6398070108735,3288.410376303067,3276.307175519457,3615.7992210789344,4684.005392746796,2899.4791933279166,2791.9273899139644,3006.1991625097435,3859.843785789066,3332.844140356553,3202.047122236397,3088.9254919730774,2972.2105056943183,4315.851164302723
2921.8616523180895,3435.112814212026,3790.529128754366,3223.6896659907925,3689.0379770752093,3283.0621183514636,2873.4403836742877,3251.3626808505733,3294.247228102936,3040.2770984591248,3145.968315585942,3032.1845795124145,3288.3647281891535,3274.654592462657,3608.5597167911556,4682.846252561358,2898.8716435344286,2791.856879144848,3005.9746896611214,3859.5693537659654,3331.9404024092964,3195.9806761788636,3088.713840938456,2972.1882067140104,4315.386855752462
2921.3367537223685,3434.2616993346064,3777.2516017669045,3222.3069778550307,3688.921329340095,3280.9600870790423,2870.3126813687686,3251.2241261683457,3284.419941767137,3040.039180074813,3145.8832780667212,3031.5552527232658,3288.3513976120466,3274.16620149916,3602.8826778044813,4681.87934033225,2898.2741151319324,2790.903366364745,3005.7782474907044,3859.3454227386555,3330.0965844353677,3194.501422627516,3088.588904159183,2972.167135403828,4312.224504934304
2910.455263523377,3425.4314505511543,3773.6787824352937,3221.2169045024884,3688.6230514217086,3279.6751996491357,2869.7024278335907,3250.6681519366334,3283.4946739987868,3039.414333529171,3145.824416499575,3031.194395531884,3286.160854454647,3273.730850377136,3601.9441467653605,4681.1864317793625,2897.6403057472453,2790.7675128766537,3005.7287446442965,3859.117631573731,3329.595530769872,3193.5017237752386,3088.525088402937,2964.9308216716727,4311.2327281407015
2909.6767253024977,3423.901180126071,3770.9336277965813,3220.7870585347005,3688.086086835663,3278.5266014023073,2869.340609486478,3250.3701445557667,3283.2101759394027,3039.118233766878,3144.9712803964658,3030.9266486840925,3283.755125614006,3272.9910013301,3600.5939527884807,4680.218297462203,2896.185482618761,2790.4618660644237,3005.50761298943,3859.017280748643,3329.4872416824282,3192.3709095985205,3088.43043199793,2960.398035599025,4305.184482144872
2909.2162940999588,3422.4432590304486,3770.0364329878403,3220.065964939683,3688.023031971299,3277.3435625230095,2869.10118534125,3250.212094561073,3279.659841034471,3036.8118404768325,3144.5127081525434,3030.489324737134,3283.2931671843826,3272.8630235534242,3597.9854863556957,4678.986726682097,2895.730117104283,2790.352094071482,3004.450392920452,3845.909112927965,3329.2004395557096,3192.0922057350067,3088.3570290890507,2957.9820605701343,4303.8508699238955
2909.112989540902,3420.5096573711844,3768.207626059162,3219.219234527238,3687.802622942497,3275.0519815016232,2868.9958580598777,3249.952734820262,3273.388096540078,3035.4135504261926,3144.4454937225646,3030.1120633893156,3282.105997315317,3266.462912670644,3597.409682670606,4678.016052678756,2895.518329079728,2790.323312033926,3004.14794233863,3843.9916439158087,3328.4302109000546,3191.8722146104114,3088.1813926677246,2956.382163450501,4302.647067154623
2905.4949518107987,3419.9611543496912,3747.9265634525236,3217.9876419507495,3687.6738833817117,3272.720074506035,2868.8301019453056,3249.7976574282006,3272.050099074442,3034.826131343528,3144.386088537836,3029.878269203369,3282.0220782051324,3265.139449677337,3596.693754977441,4677.75555018498,2895.26536688303,2790.2402785942418,3002.9453874576993,3841.871459365546,3328.3428281622146,3187.332536519722,3088.1148275633095,2955.4747454978806,4302.179444048919
2904.9279037749743,3416.5815985423205,3747.3313508054443,3200.743717877006,3687.50872418885,3271.3161525670976,2868.60847123016,3248.5944955082186,3270.3487714641383,3034.6786465992354,3140.9438393293285,3029.7476165086405,3281.6976651144128,3264.8267512001457,3596.1421074752234,4677.547380479901,2894.872090161862,2790.075702162298,3002.749184875152,3840.285439088148,3297.219485611856,3186.1126825860038,3085.7591919209162,2955.1196602506016,4301.915793919554
2902.675763706577,3413.4552440984226,3744.850190179231,3199.778063200071,3687.4766504552645,3269.9046541412426,2868.5594964935945,3248.4587491246302,3270.144951877681,3033.1884011649436,3138.1512275934338,3029.669743566824,3281.6475750303,3242.3202763663844,3593.8516660046203,4677.461242008923,2894.7575718284297,2789.829620115772,3002.628068698746,3838.6826530526023,3291.913090832545,3185.2785469601185,3079.1147481576145,2955.074035180181,4301.629037942413
2902.6529162984934,3412.4721501949944,3743.1941662275385,3197.188767801529,3687.3899805187775,3261.1645195011497,2867.7537133857104,3246.7751664104444,3269.7623014797146,3033.022733954911,3137.9336332143007,3029.1459382846915,3255.474824231701,3238.031639766903,3593.554535715437,4677.218797370611,2894.720649314389,2789.1228776908406,3001.3186275614244,3837.8630461302105,3286.1204964883805,3170.7856771448646,3074.183579972979,2955.0209819090196,4300.178096838308
2902.568236546708,3393.3588535740855,3737.014281518313,3195.5345889004857,3685.4937708325474,3257.275023900807,2867.533340422556,3246.426523366955,3254.236685033743,3032.9435909144363,3137.7049764043413,3025.4935752236015,3254.0643715027622,3236.421927446454,3593.3400214436856,4677.104520784128,2894.6797459557765,2788.114078305038,3000.2423118261295,3837.453267717758,3284.581462869318,3148.953857589171,3073.584076172905,2954.067306074002,4299.830912396941
2902.3702152204546,3391.6119051920646,3736.1008997598656,3193.0407463934566,3685.3636658208356,3256.25225332265,2867.1977236060584,3245.2674414213043,3250.776258952207,3030.787201001697,3137.511597542207,3025.066735744237,3253.347263884798,3227.1791023211185,3587.2567019059356,4676.987583282609,2894.5912317104503,2787.8919268926365,2993.4581709554545,3837.179076098032,3283.7188214007165,3144.385470641952,3073.32717731735,2953.93634698839,4299.669371063755
2901.857366986902,3387.2656927588055,3735.5325279370854,3192.5614498464947,3685.2655008767697,3254.6422184574394,2866.1136970130246,3245.0608431767614,3247.9904087997265,3030.5892078113866,3135.9327941769616,3024.2127570333,3251.332610597889,3222.5512739797614,3585.383839118379,4676.913675725671,2894.2447227317516,2787.733744640093,2991.698568305932,3836.994358283304,3283.495560309484,3142.8071394473936,3072.227154654222,2953.2915378053194,4299.497858102253
2901.7860326966656,3386.5108625572157,3735.185137082082,3192.3487796214586,3685.210045148637,3252.27171827203,2865.084701525876,3244.978350712854,3246.2820143456383,3030.44211738374,3135.8390584895583,3023.539846182579,3251.1430836685213,3215.8933245020953,3583.1913926228744,4674.97033816527,2891.014246801687,2787.3183260103915,2990.269997272904,3836.82245053118,3282.4221092752764,3142.6320760944222,3072.0986947247493,2950.173170687207,4284.076855168673
2899.7861135753474,3385.632524240491,3731.691140149598,3192.325514548478,3684.4478643493776,3249.0016561543534,2864.8602555091147,3244.8907310283485,3240.837789788944,3030.358842556583,3135.7790449239474,3023.435746875468,3251.039562037828,3214.7408470220157,3582.820979405641,4672.457623477906,2889.506265834064,2787.3143098250657,2985.551955277825,3836.7598059534553,3282.188519548833,3140.8912121491103,3072.069078982879,2949.6551401273978,4283.8216891325665
2899.623138679184,3365.9561638768932,3730.8565917335936,3192.118862780581,3684.4071249250137,3248.5708818513094,2864.391934962161,3244.8595030514653,3237.8572388279795,3030.3141266638795,3135.7355291721537,3019.655860655227,3250.985000031803,3210.4368611039495,3582.4701289831064,4671.29630589855,2886.8585436659514,2787.2818818422643,2984.058586323824,3836.739289435891,3281.5167308086175,3139.954393768445,3072.0607683203516,2949.409094189199,4283.765475732309
2898.249822407094,3332.3409834894223,3729.362986489959,3183.1842570431722,3684.393363806465,3247.084192883599,2857.894025796155,3244.850206613246,3237.570455592377,3030.2755890088297,3135.722529115694,3018.2421225064236,3250.5676919548787,3209.6696027377684,3580.992525437752,4670.4238080563355,2880.466597014917,2785.4529790982797,2983.9616638999432,3834.023498425977,3281.2820121032296,3136.400803863771,3072.0408106603027,2949.3578464032903,4278.466156499835
2894.1503537180215,3331.3065673253623,3727.9986214470846,3182.7476255742877,3684.3444626690957,3246.7499094152454,2856.972884103296,3243.889735691434,3235.464926248516,3029.806857074561,3133.4826513682683,3018.13317734775,3249.8673870787807,3209.268898293516,3565.633797829419,4650.578583982727,2880.2116003317387,2785.3634284864743,2983.8607907817573,3833.162209774496,3276.7284358299885,3135.6541526644014,3071.6488983436648,2947.8634807816507,4253.438256430323
2893.9769961247407,3330.9349108766487,3718.6192114939868,3179.349512209462,3684.318256203951,3234.941521172978,2853.9095708898353,3242.2134855221766,3234.738231138119,3029.806857074561,3123.267548622556,3018.091749588559,3249.5324012578512,3209.22414547073,3564.9770923608917,4634.360056857675,2880.090522480204,2785.33214120639,2981.6873083957844,3828.6199953918276,3275.2088054038554,3131.8029286935844,3071.60858152921,2947.474300138747,4251.923763787676
2893.654966852311,3329.485802972441,3708.4177623322003,3178.988220245669,3684.310579608088,3233.335214968667,2851.7847642973184,3236.5868920896933,3229.2981871700204,3029.799979267036,3120.581924852326,3018.0806606117594,3249.0981684575127,3207.2103411269827,3564.872102577056,4622.703161949584,2880.0440174243495,2785.323106512104,2978.4494448235446,3818.536844144725,3269.5639599357855,3128.622702697845,3071.5888785345114,2947.4057976708073,4250.859855923669
2893.0730029212727,3329.3323920473754,3708.1887992766133,3118.997442485307,3684.30923386606,3233.120888318176,2846.0473163724587,3236.496716987307,3226.9597418264543,3029.797537114899,3120.3469522597907,3018.052571274734,3248.9001738015845,3201.4976010096743,3563.1581919618334,4621.497622610168,2879.91727317372,2784.31479402463,2978.175119609391,3811.2004845428273,3268.135864847566,3128.429346695771,3064.605626044482,2946.9963581002285,4246.017071941866
2892.816845008907,3328.5944797227694,3682.3145693243514,3117.148851461043,3684.2793151699725,3229.6964161995265,2843.3433960927932,3233.372917790144,3203.1164080204258,3029.797122801106,3119.777590935123,3018.0450693690136,3247.338781633235,3193.8929525845087,3540.165136191091,4618.726399420589,2879.906029627826,2784.23024313146,2978.1652350833074,3810.34812363456,3268.030989151728,3113.7560786524423,3064.4463216162294,2946.1720920610987,4242.890416378359
2889.405796055237,3326.293279575376,3677.4837441112436,3117.020365535188,3682.3105886034955,3229.170865244436,2843.110287101104,3231.977015736674,3202.7867350006964,3027.136546518076,3110.822917155052,3018.044861436918,3241.2146473650455,3184.8225361252016,3539.4705474431585,4614.76484473999,2877.395533565892,2784.174851820862,2972.267379705404,3809.970182880721,3256.578279313626,3113.1842325677662,3064.3428072276665,2946.168544063512,4216.303565667371
2886.614454857428,3326.0844371712215,3667.9449591683315,3111.9436185974655,3680.4428725794955,3229.0957531736717,2842.822050833711,3225.1085956896304,3202.6554913784507,3026.412626739614,3108.410523704037,3011.165334235252,3241.097080375357,3183.8122523961215,3484.5629498584494,4609.132217728227,2874.937292013369,2784.150423960921,2968.767998688868,3806.65113172609,3255.139771225632,3111.8848737798935,3035.1115310425585,2943.950850200624,4090.210999560372
2886.61219336571,3316.297111433417,3657.674640266583,3111.9073901382044,3679.716482571545,3221.875499249326,2841.233008247893,3224.1425042921924,3193.40867218725,3026.410749241678,3108.1593450614273,3010.6458483336596,3241.0802208259047,3183.7558517609386,3484.3863922705523,4605.702192980227,2874.341757762145,2784.1212134236134,2968.727478922214,3806.5857804782736,3255.0942470220425,3111.667152485784,3034.9374243767124,2943.3725461828562,4071.7016413267775
2886.61219336571,3306.7797665289354,3657.674640266583,3111.9073901382044,3679.716482571545,3221.4275616802743,2841.233008247893,3224.1425042921924,3181.880413284397,3026.410749241678,3108.1593450614273,3010.6458483336596,3241.0802208259047,3183.7558517609386,3484.3863922705523,4603.574379581003,2874.341757762145,2783.611421534844,2967.769832987714,3806.5857804782736,3255.0942470220425,3111.667152485784,3034.9374243767124,2943.3725461828562,4071.7016413267775
